4
9 1 890
1 2 3 4 5 6 7 8 9
5 1 66
2310 96577 33263 82861 190747
5 1 100000000
2310 96577 33263 82861 190747
1209 86028017 86028121
86028017
         2         3         5         7        11        13        17        19 

        23        29        31        37        41        43        47        53 

        59        61        67        71        73        79        83        89 

        97       101       103       107       109       113       127       131 

       137       139       149       151       157       163       167       173 

       179       181       191       193       197       199       211       223 

       227       229       233       239       241       251       257       263 

       269       271       277       281       283       293       307       311 

       313       317       331       337       347       349       353       359 

       367       373       379       383       389       397       401       409 

       419       421       431       433       439       443       449       457 

       461       463       467       479       487       491       499       503 

       509       521       523       541       547       557       563       569 

       571       577       587       593       599       601       607       613 

       617       619       631       641       643       647       653       659 

       661       673       677       683       691       701       709       719 

       727       733       739       743       751       757       761       769 

       773       787       797       809       811       821       823       827 

       829       839       853       857       859       863       877       881 

       883       887       907       911       919       929       937       941 

       947       953       967       971       977       983       991       997 

      1009      1013      1019      1021      1031      1033      1039      1049 

      1051      1061      1063      1069      1087      1091      1093      1097 

      1103      1109      1117      1123      1129      1151      1153      1163 

      1171      1181      1187      1193      1201      1213      1217      1223 

      1229      1231      1237      1249      1259      1277      1279      1283 

      1289      1291      1297      1301      1303      1307      1319      1321 

      1327      1361      1367      1373      1381      1399      1409      1423 

      1427      1429      1433      1439      1447      1451      1453      1459 

      1471      1481      1483      1487      1489      1493      1499      1511 

      1523      1531      1543      1549      1553      1559      1567      1571 

      1579      1583      1597      1601      1607      1609      1613      1619 

      1621      1627      1637      1657      1663      1667      1669      1693 

      1697      1699      1709      1721      1723      1733      1741      1747 

      1753      1759      1777      1783      1787      1789      1801      1811 

      1823      1831      1847      1861      1867      1871      1873      1877 

      1879      1889      1901      1907      1913      1931      1933      1949 

      1951      1973      1979      1987      1993      1997      1999      2003 

      2011      2017      2027      2029      2039      2053      2063      2069 

      2081      2083      2087      2089      2099      2111      2113      2129 

      2131      2137      2141      2143      2153      2161      2179      2203 

      2207      2213      2221      2237      2239      2243      2251      2267 

      2269      2273      2281      2287      2293      2297      2309      2311 

      2333      2339      2341      2347      2351      2357      2371      2377 

      2381      2383      2389      2393      2399      2411      2417      2423 

      2437      2441      2447      2459      2467      2473      2477      2503 

      2521      2531      2539      2543      2549      2551      2557      2579 

      2591      2593      2609      2617      2621      2633      2647      2657 

      2659      2663      2671      2677      2683      2687      2689      2693 

      2699      2707      2711      2713      2719      2729      2731      2741 

      2749      2753      2767      2777      2789      2791      2797      2801 


  86013497  86013509  86013511  86013533  86013569  86013593  86013601  86013649 

  86013661  86013667  86013673  86013701  86013743  86013749  86013751  86013773 

  86013787  86013791  86013793  86013827  86013847  86013853  86013869  86013881 

  86013899  86013911  86013919  86013953  86014009  86014031  86014037  86014039 

  86014063  86014069  86014073  86014079  86014091  86014129  86014133  86014141 

  86014163  86014193  86014231  86014241  86014249  86014259  86014267  86014289 

  86014301  86014343  86014363  86014391  86014403  86014483  86014499  86014517 

  86014561  86014567  86014573  86014589  86014619  86014627  86014637  86014651 

  86014661  86014681  86014693  86014699  86014703  86014711  86014723  86014727 

  86014741  86014757  86014769  86014777  86014793  86014823  86014837  86014879 

  86014909  86014913  86014967  86014969  86014997  86015011  86015021  86015023 

  86015057  86015077  86015099  86015113  86015117  86015143  86015159  86015177 

  86015183  86015191  86015219  86015227  86015231  86015233  86015287  86015309 

  86015317  86015327  86015341  86015357  86015387  86015411  86015431  86015453 

  86015459  86015477  86015507  86015509  86015557  86015591  86015647  86015651 

  86015659  86015689  86015701  86015707  86015723  86015771  86015777  86015789 

  86015803  86015807  86015819  86015833  86015879  86015893  86015921  86015927 

  86015987  86016013  86016019  86016031  86016043  86016053  86016071  86016079 

  86016109  86016131  86016143  86016163  86016179  86016193  86016197  86016199 

  86016223  86016239  86016257  86016269  86016313  86016317  86016341  86016361 

  86016373  86016421  86016443  86016457  86016467  86016473  86016479  86016487 

  86016547  86016559  86016563  86016577  86016611  86016613  86016653  86016673 

  86016737  86016761  86016767  86016779  86016793  86016841  86016863  86016901 

  86016907  86016911  86016913  86016919  86016937  86016943  86016977  86017007 

  86017013  86017021  86017027  86017049  86017073  86017091  86017111  86017147 

  86017163  86017181  86017187  86017207  86017249  86017271  86017291  86017397 

  86017411  86017417  86017441  86017453  86017511  86017513  86017523  86017543 

  86017553  86017573  86017577  86017583  86017601  86017609  86017619  86017627 

  86017651  86017691  86017697  86017709  86017717  86017727  86017733  86017783 

  86017801  86017817  86017823  86017829  86017837  86017843  86017847  86017873 

  86017879  86017891  86017927  86017979  86018021  86018027  86018029  86018057 

  86018059  86018063  86018069  86018071  86018077  86018083  86018161  86018167 

  86018171  86018201  86018203  86018213  86018221  86018237  86018371  86018389 

  86018407  86018423  86018441  86018467  86018473  86018483  86018501  86018503 

  86018531  86018539  86018563  86018579  86018593  86018617  86018641  86018659 

  86018677  86018683  86018693  86018711  86018717  86018761  86018773  86018797 

  86018813  86018819  86018839  86018857  86018869  86018903  86018917  86018941 

  86018953  86018981  86018993  86019001  86019007  86019013  86019019  86019047 

  86019067  86019083  86019121  86019139  86019161  86019163  86019169  86019187 

  86019209  86019247  86019253  86019257  86019277  86019281  86019313  86019341 

  86019343  86019359  86019419  86019449  86019469  86019509  86019511  86019533 

  86019551  86019569  86019589  86019601  86019613  86019617  86019629  86019641 

  86019649  86019671  86019679  86019683  86019691  86019721  86019727  86019751 

  86019757  86019811  86019833  86019851  86019877  86019883  86019911  86019937 

  86019961  86019991  86020031  86020063  86020073  86020093  86020111  86020117 

  86020127  86020139  86020147  86020157  86020159  86020183  86020211  86020217 

  86020223  86020229  86020237  86020241  86020267  86020283  86020303  86020327 

  86020379  86020393  86020399  86020421  86020427  86020439  86020463  86020469 

  86020477  86020507  86020513  86020559  86020577  86020603  86020607  86020609 

  86020633  86020687  86020709  86020717  86020721  86020789  86020807  86020811 

  86020813  86020817  86020849  86020871  86020981  86021011  86021017  86021021 

  86021051  86021053  86021057  86021059  86021077  86021101  86021107  86021141 

  86021153  86021161  86021167  86021179  86021261  86021329  86021359  86021381 

  86021389  86021393  86021431  86021459  86021483  86021489  86021527  86021539 

  86021561  86021623  86021653  86021657  86021659  86021669  86021693  86021699 

  86021711  86021729  86021737  86021753  86021821  86021827  86021833  86021839 

  86021843  86021849  86021857  86021893  86021939  86021951  86021953  86021963 

  86021983  86022011  86022019  86022029  86022043  86022049  86022121  86022143 

  86022161  86022169  86022191  86022197  86022203  86022221  86022229  86022257 

  86022259  86022263  86022281  86022301  86022371  86022401  86022421  86022449 

  86022451  86022457  86022463  86022467  86022479  86022511  86022529  86022539 

  86022571  86022577  86022589  86022593  86022619  86022623  86022631  86022637 

  86022641  86022653  86022659  86022667  86022721  86022733  86022751  86022773 

  86022803  86022809  86022821  86022847  86022851  86022857  86022877  86022883 

  86022913  86022917  86022929  86022953  86022973  86022983  86023001  86023027 

  86023037  86023057  86023073  86023079  86023097  86023099  86023117  86023139 

  86023141  86023169  86023183  86023219  86023229  86023253  86023271  86023277 

  86023291  86023303  86023307  86023319  86023361  86023391  86023403  86023411 

  86023439  86023459  86023463  86023471  86023477  86023493  86023501  86023517 

  86023579  86023589  86023591  86023601  86023627  86023649  86023669  86023673 

  86023681  86023687  86023709  86023741  86023747  86023753  86023759  86023787 

  86023879  86023891  86023897  86023907  86023909  86023937  86023957  86023967 

  86024009  86024017  86024069  86024087  86024137  86024143  86024161  86024171 

  86024203  86024207  86024219  86024231  86024243  86024249  86024251  86024269 

  86024291  86024293  86024303  86024321  86024327  86024363  86024377  86024399 

  86024417  86024447  86024453  86024461  86024479  86024483  86024503  86024513 

  86024567  86024611  86024621  86024633  86024651  86024677  86024699  86024707 

  86024713  86024749  86024767  86024789  86024791  86024801  86024821  86024857 

  86024863  86024867  86024881  86024893  86024909  86024921  86024923  86024927 

  86024941  86024957  86024959  86024971  86024977  86024987  86025007  86025013 

  86025019  86025053  86025061  86025077  86025131  86025133  86025143  86025157 

  86025193  86025197  86025209  86025263  86025319  86025347  86025349  86025371 

  86025377  86025439  86025449  86025469  86025479  86025487  86025523  86025529 

  86025553  86025587  86025601  86025619  86025623  86025631  86025647  86025649 

  86025683  86025691  86025701  86025739  86025761  86025769  86025781  86025791 

  86025809  86025829  86025847  86025853  86025869  86025871  86025881  86025889 

  86025893  86025937  86025959  86025971  86025991  86026051  86026063  86026067 

  86026133  86026207  86026217  86026249  86026253  86026301  86026349  86026373 

  86026379  86026387  86026393  86026399  86026439  86026513  86026529  86026553 

  86026559  86026573  86026597  86026607  86026621  86026639  86026657  86026667 

  86026669  86026679  86026697  86026711  86026723  86026741  86026747  86026771 

  86026781  86026793  86026799  86026807  86026841  86026867  86026883  86026901 

  86026903  86026909  86026921  86026943  86026957  86026981  86026991  86027009 

  86027023  86027033  86027063  86027083  86027099  86027131  86027171  86027197 

  86027209  86027213  86027243  86027273  86027297  86027299  86027303  86027317 

  86027323  86027341  86027353  86027371  86027393  86027401  86027419  86027509 

  86027519  86027549  86027551  86027581  86027593  86027597  86027657  86027677 

  86027681  86027699  86027707  86027713  86027749  86027783  86027819  86027827 

  86027863  86027867  86027897  86027947  86027971  86027983  86027987  86027999 

  86028011  86028037  86028049  86028053  86028097  86028101  86028113  86028121 
