10000
3
1 1
133 620
885 623
787 231
23 68
217 -342
83 19
467 -856
700 941
23 14
819 670
419 -396
575 -961
329 -174
57 -62
699 -428
19 -334
5 28
803 389
940 29
213 719
331 -575
103 538
968 -347
923 -297
491 70
986 947
10 -501
257 255
13 -27
984 -127
395 526
178 471
53 307
13 -874
19 -416
403 135
388 1
829 -442
247 201
66 67
319 -156
278 131
388 -143
431 115
133 188
9 -10
58 733
298 -783
161 124
101 157
13 49
141 -185
795 164
652 -891
968 749
28 317
932 223
346 55
109 -97
669 527
122 875
228 -251
937 -187
29 17
211 -934
667 553
706 -25
126 143
265 -66
758 839
140 -19
415 -408
847 962
11 -13
208 -733
459 650
842 -363
295 -81
878 -361
334 -849
919 341
491 -240
495 631
599 -815
374 -303
322 75
139 348
71 129
624 971
103 -66
325 773
742 -559
173 -197
183 -16
111 853
157 -17
173 -33
113 -741
954 -463
241 429
337 -127
3 -40
31 -422
203 -341
927 464
31 1
199 539
447 -623
571 756
33 86
319 -278
234 731
641 -348
857 461
605 -357
7 -400
175 -828
761 16
49 -675
47 -27
271 355
275 -503
459 644
149 -196
190 -493
757 -167
133 -129
667 578
20 49
101 81
50 -117
347 173
401 239
7 -864
51 -10
311 -248
7 183
838 59
604 635
434 849
141 -814
435 -161
83 -65
754 -63
224 289
186 -515
381 -442
757 48
499 -808
76 105
501 122
58 -617
33 -86
886 653
359 125
505 752
369 134
205 33
441 -338
93 89
227 -390
928 943
207 197
118 -131
127 8
223 -333
601 -343
163 -115
193 -931
214 -213
870 929
755 -756
7 9
950 -963
481 -987
838 647
470 919
986 -455
353 893
125 -11
299 -54
920 -303
11 344
820 933
106 767
110 111
121 -160
153 -149
871 -808
730 89
68 7
867 271
764 11
579 251
569 -158
112 -253
73 -135
387 -352
167 288
907 -774
410 233
795 -187
54 -97
181 429
667 -384
367 213
255 -157
657 -388
458 47
545 669
11 -27
289 319
627 463
567 718
467 737
89 128
569 -765
28 19
334 -119
983 657
683 -379
301 117
77 -223
498 -439
259 607
6 1
207 -269
49 183
646 149
893 -691
698 -173
74 367
123 -380
827 -294
368 -837
457 442
127 336
428 -419
923 -817
669 -389
303 500
54 -95
327 607
245 -786
466 -129
187 -173
844 861
135 -148
297 -289
610 -599
577 856
471 464
25 183
857 -941
83 -602
747 562
364 -607
93 475
811 -659
75 -227
14 473
27 499
87 227
760 113
11 -141
869 662
937 -300
404 -329
139 -385
469 -19
249 419
167 397
179 -53
95 223
170 23
10 11
190 13
212 517
271 -942
35 -72
667 -686
538 -779
179 16
859 498
395 941
161 -271
227 -424
104 119
209 -386
413 211
281 193
48 -89
229 968
122 121
110 -581
364 -165
161 544
262 17
173 378
457 -344
101 -107
479 341
548 443
319 180
67 -329
68 735
602 -849
52 -167
134 -85
35 -9
17 893
73 -335
291 13
366 -47
129 676
712 -391
149 -335
211 -727
659 -565
809 300
569 -628
457 -828
811 -148
19 1
276 287
94 309
133 -387
238 -93
725 -186
127 37
259 96
66 871
971 -521
95 -177
5 -518
463 -453
202 19
383 406
23 -2
181 209
246 -743
49 -300
46 11
131 116
351 -82
119 -426
589 -431
53 -26
455 579
361 -497
220 -419
727 221
598 -609
781 -118
114 37
754 -467
527 -164
57 356
121 -163
505 -713
73 53
423 292
667 -315
199 -439
7 114
23 -873
573 728
770 -29
61 -47
54 229
809 466
224 -79
225 -802
698 855
322 -131
152 579
420 673
37 16
430 231
127 -98
319 71
7 -96
215 133
737 221
171 -464
897 895
277 -75
182 233
531 572
43 177
905 -77
755 717
439 524
59 -479
264 -323
499 742
337 533
217 -408
29 75
382 -309
531 -197
190 -351
386 -311
235 -396
655 -496
82 83
270 653
774 167
236 -243
354 -35
843 -296
256 -473
151 55
713 -499
698 209
797 499
91 264
221 -129
686 481
267 572
109 8
328 -297
208 -259
911 530
98 -67
782 871
32 81
113 294
87 413
652 523
325 17
651 -562
668 111
41 -15
385 369
512 51
134 61
51 -29
151 -252
267 -161
25 478
117 -160
553 -832
539 -227
269 473
3 7
158 -55
48 -53
567 370
203 -811
23 133
289 66
35 -29
133 -40
922 -827
901 31
30 -341
578 621
131 203
211 -351
65 929
403 -857
167 -915
231 -38
391 843
53 -259
10 -7
511 213
193 976
132 -269
832 -243
391 361
18 1
395 26
104 -383
428 -449
447 581
705 544
237 -49
782 -313
617 204
715 -343
23 97
802 -867
841 537
149 -375
757 300
398 201
305 227
286 -271
309 245
553 -607
779 929
618 -653
109 -584
31 816
559 310
506 -795
332 301
566 -707
183 -65
931 -113
34 19
551 -729
14 -139
279 325
625 33
183 -20
40 57
159 -121
925 -532
53 -130
95 -688
20 -277
214 101
288 485
551 794
146 95
682 951
474 -685
865 938
448 -843
730 -37
7 -965
1 -726
143 -295
513 349
128 797
641 40
321 131
935 864
25 -346
655 158
716 -653
455 347
805 309
389 -342
197 452
265 -246
637 317
1 19
325 -248
6 -5
841 803
185 -377
1 748
281 -190
507 719
752 -793
213 -14
413 498
139 -159
765 274
963 -994
2 -55
221 -625
783 -67
467 -65
505 681
479 -71
115 -113
89 85
323 755
2 15
504 -853
103 -166
787 -257
8 -5
7 -3
204 -395
29 -689
562 827
616 -949
871 658
36 -307
612 -457
17 -28
335 198
383 -146
633 713
821 -442
7 16
215 -248
46 -53
442 495
512 75
137 -540
529 -778
94 91
822 -497
15 13
17 355
48 73
56 -155
145 73
611 -76
160 -193
899 -976
877 -30
55 939
400 -409
525 538
47 3
236 181
612 -67
31 15
152 125
55 982
503 971
876 235
305 -268
53 253
108 -13
411 -677
604 645
656 -601
73 70
424 489
867 -880
925 -713
999 -776
925 838
202 171
161 169
725 32
447 383
522 299
867 808
325 204
37 -22
358 481
252 -131
68 -79
56 519
174 431
41 -603
83 -247
533 -721
441 -802
149 780
600 -763
411 658
268 -343
425 302
714 -803
155 643
91 -44
125 -29
29 5
269 -742
7 109
265 -772
904 973
151 -985
53 44
179 -231
691 -500
519 -824
128 343
227 -712
41 189
775 -808
73 -13
214 -77
461 663
679 -667
934 -163
210 221
886 983
843 -211
179 -448
421 600
412 959
312 -419
419 734
99 155
265 109
379 -52
287 -674
571 783
161 606
916 -779
830 -477
688 -489
158 315
996 -455
253 -227
950 -811
122 -381
466 363
281 -218
575 -37
103 -301
67 -236
449 -986
301 136
335 -36
597 415
109 162
648 -797
261 -148
963 -196
43 2
659 213
89 82
607 -582
877 239
471 77
133 -904
382 877
429 -466
191 153
241 -506
375 634
463 -887
565 707
14 -25
97 893
181 957
36 -127
856 -347
505 571
43 208
381 820
313 -576
128 51
289 37
491 369
643 35
378 563
627 -850
787 -455
243 -290
382 925
102 -769
65 -86
11 217
5 43
143 -57
700 633
44 705
372 179
33 40
499 328
25 114
71 95
333 -41
168 -239
814 635
793 -840
17 -73
329 -227
243 -859
7 -5
235 206
287 179
371 -879
122 423
757 -105
913 392
212 71
473 442
22 -59
928 157
425 -69
41 -324
224 345
3 -7
245 151
466 381
155 22
357 -379
66 -791
479 -192
249 -232
292 -701
3 382
755 882
912 -607
17 -6
417 -263
79 239
71 -232
943 143
958 467
775 -598
43 -66
517 -53
32 -5
495 -14
218 -257
325 828
151 331
131 -73
96 17
384 -883
101 212
185 -239
299 136
702 -245
361 -849
4 -3
766 -903
503 -214
410 23
394 -427
669 959
759 -668
354 727
622 -605
153 26
895 682
222 -353
612 259
44 301
325 253
59 -235
844 -477
311 -95
91 -628
400 -391
95 -279
979 -463
51 149
879 -68
726 155
286 -243
451 -962
599 -961
605 -777
209 -284
251 -603
643 -759
747 -937
837 -10
533 -367
949 -75
231 -149
643 -978
369 -143
152 43
214 605
238 -471
775 734
992 -121
657 -623
44 -585
79 977
48 -65
314 -811
333 421
877 -300
431 570
268 589
518 223
263 59
104 -21
197 -315
194 -895
330 -617
471 -865
424 -479
542 -471
2 5
792 -773
29 417
986 25
119 -6
384 265
407 235
865 -792
11 558
912 565
887 -499
521 -914
1 -54
43 -610
599 -925
282 37
544 3
762 -173
421 314
605 336
983 188
562 931
837 367
181 -28
49 493
49 -314
163 -298
238 -465
274 -985
86 413
87 -2
314 -435
67 -25
448 -709
239 20
453 794
497 87
570 487
601 690
64 -163
298 53
371 -729
693 376
2 -1
315 241
18 5
71 850
362 631
378 349
916 285
267 -637
289 -360
622 -41
497 -179
491 -340
678 905
418 819
47 -220
865 -34
47 106
179 -484
5 -22
149 -420
776 -551
61 72
271 410
203 -229
34 -827
713 171
481 317
293 -284
287 -159
652 121
817 90
266 -5
719 939
515 -306
154 481
674 -659
99 287
25 27
327 -914
139 -498
13 176
226 -505
328 313
226 241
992 1
661 507
943 285
35 34
559 -574
171 224
427 958
417 802
227 547
105 74
261 -49
871 -504
474 317
15 -19
175 -943
528 895
110 -117
357 -146
20 -9
127 -445
129 -62
865 203
202 -497
863 350
335 -686
99 -79
88 53
797 -356
724 -527
379 438
583 98
607 521
708 -511
289 174
649 441
389 582
23 111
498 851
915 -664
680 -657
402 323
1000 683
31 75
259 27
420 19
402 -589
503 -467
659 235
189 142
644 891
293 196
26 495
52 -109
439 445
95 -61
685 -353
261 -793
61 -10
4 -409
126 -71
240 -133
16 -3
190 -79
130 -151
409 998
288 131
337 -661
545 -627
390 479
917 -604
941 -597
321 -301
673 92
487 -270
384 437
961 -331
185 -117
45 -71
704 285
958 47
834 169
921 -128
157 -10
893 26
213 -329
487 -334
46 499
322 -349
365 -52
191 71
359 391
231 472
248 -419
158 -67
107 269
563 -109
5 224
307 -198
90 23
415 127
337 -55
14 213
227 353
290 193
794 -827
517 -920
395 -54
32 477
493 -446
122 -11
571 -229
79 -450
621 158
164 -97
269 -921
368 -127
721 -960
363 -235
287 -845
28 55
546 -529
799 -82
338 203
193 14
68 197
274 -115
775 -438
101 108
845 -588
205 -769
735 857
844 -373
285 -431
458 207
56 -27
251 -73
67 51
756 241
278 457
255 -634
7 80
311 -486
340 -11
877 137
21 979
345 521
845 -573
135 -131
272 -337
191 -294
20 -71
785 -109
57 -139
58 43
305 319
443 -131
581 197
346 443
709 782
21 -323
737 -6
254 331
29 193
41 -250
292 -481
541 66
113 12
453 265
467 500
295 -139
704 -69
80 -317
378 -443
77 355
824 -487
756 -793
549 -973
95 -442
54 917
969 -367
5 4
203 191
328 153
265 152
61 37
41 252
451 -130
99 -173
708 -341
322 705
807 670
172 -77
749 -600
999 -535
516 901
61 -145
25 553
248 37
147 73
861 149
367 -924
33 -32
457 123
373 -142
455 -346
386 801
7 251
295 304
973 -929
2 -13
931 517
31 80
149 -25
537 685
475 796
71 2
392 57
719 -477
500 -131
801 -514
893 666
81 -44
99 25
661 500
127 -734
287 -64
1 110
31 27
45 58
74 387
282 155
521 167
267 -317
442 -47
810 -481
234 -193
56 -909
8 857
867 -133
583 886
7 -13
934 -155
706 -249
29 62
221 40
367 -545
857 -206
691 -270
1 -2
232 -339
74 109
317 789
690 -257
108 185
679 166
645 -601
709 946
257 368
795 724
740 607
155 -159
776 -659
505 397
77 642
185 -88
272 625
110 -163
400 -461
151 313
271 -462
11 563
709 938
169 -841
821 684
589 -255
8 -157
964 729
827 496
223 -103
833 -327
833 23
54 -793
377 -695
125 -108
237 382
629 -587
55 96
576 -359
15 424
236 -371
971 -709
544 -875
89 424
331 390
759 733
361 944
199 483
85 214
31 -662
280 453
197 461
111 -730
17 27
647 291
654 -481
409 -173
141 121
548 11
322 -79
944 309
37 -297
132 199
163 -167
87 37
25 -376
361 356
97 65
71 151
229 -595
31 -446
2 59
247 -331
203 318
437 695
889 -384
10 111
689 -837
205 951
374 61
243 -920
323 -882
619 147
180 211
110 -729
176 39
179 17
23 -6
225 -338
886 523
61 -2
88 -69
141 -229
178 57
528 145
803 973
260 661
211 -159
798 739
85 14
917 159
472 845
319 -160
617 860
853 -73
19 -954
632 -475
454 -141
9 -62
582 -509
724 903
167 156
17 -3
157 261
461 -372
19 -70
342 281
915 547
478 -645
196 31
983 228
49 103
61 -54
359 928
582 -955
165 -157
209 878
362 417
128 -61
803 201
402 -433
865 653
85 229
808 -495
325 1
745 -252
683 447
317 203
373 571
246 -419
190 447
684 -877
13 -1
1 317
663 -662
115 583
314 -831
179 901
169 -209
493 549
328 -289
539 779
105 151
32 -77
872 279
896 -9
139 -875
122 -83
47 -604
953 375
207 -265
995 -684
425 974
1 -328
87 -286
326 -393
17 116
934 -835
875 813
760 803
699 -949
334 -919
148 -39
331 4
37 469
243 -38
619 158
218 511
134 -619
449 -442
550 931
306 -25
283 -561
323 332
5 -679
733 -661
7 120
617 -7
95 172
29 37
52 -15
610 -987
281 280
275 736
119 363
232 275
31 -208
47 -41
689 -499
341 270
835 -582
31 -343
139 461
731 -406
17 -7
73 624
477 -364
583 -524
18 673
615 -317
104 -141
35 58
940 899
267 11
946 -739
662 -15
738 499
330 -301
369 -265
131 343
788 617
24 49
939 -304
92 -33
183 -250
607 -803
8 -101
179 465
194 385
281 -201
82 409
661 941
185 257
128 661
901 658
285 -449
226 127
157 828
343 576
304 -229
492 485
876 -943
5 -434
481 -425
941 -791
98 -211
663 -41
264 -749
983 -746
480 -709
2 -257
327 -172
847 46
89 169
717 -587
974 993
451 100
424 47
83 -161
543 -692
11 54
851 -430
518 491
148 -471
5 623
464 -639
745 -164
481 179
10 -19
72 -449
310 -271
645 667
341 502
53 -82
344 579
286 -607
949 -326
25 734
424 -173
394 -667
419 261
203 -723
317 246
38 -27
720 1
565 931
764 665
101 -100
41 -903
986 -379
289 507
185 -272
151 250
728 753
456 955
73 -17
395 89
863 447
71 12
95 951
273 134
837 343
503 626
452 819
929 -237
119 327
708 223
105 -229
593 -839
847 -654
861 59
199 -293
2 29
249 -208
211 -120
30 31
101 55
579 958
349 69
48 -49
39 -43
23 87
54 413
293 470
351 275
903 -331
481 775
124 -91
37 -149
858 683
41 884
115 -108
753 -254
367 112
213 149
281 88
619 854
16 145
707 599
46 -57
490 -589
97 232
481 197
249 331
214 69
89 -227
458 -3
461 518
191 -103
487 -301
9 -68
8 -21
827 -797
321 227
11 -21
170 -129
893 -889
981 -884
6 5
901 379
809 -424
16 5
246 143
875 929
338 -353
184 181
81 -89
499 391
23 -18
861 -956
744 -733
191 -365
95 -1
84 709
658 139
298 -7
57 956
31 17
425 -607
285 721
595 582
778 -593
77 -445
423 -781
750 -539
358 -263
665 -556
76 3
919 383
121 164
653 -484
572 -745
2 7
436 -495
37 12
790 -87
338 -181
827 310
142 819
986 405
120 -59
488 55
973 -787
626 -21
40 33
81 373
127 -24
524 -507
17 -1
309 97
676 -339
872 973
952 -143
99 107
120 49
391 -394
520 827
422 -531
111 -104
93 -371
30 379
33 -20
874 869
91 -34
258 -841
208 131
348 49
51 -197
88 -1
155 -183
89 133
244 -65
95 -543
224 -681
513 -661
0 1
381 -262
22 -3
197 225
574 -687
203 446
51 43
167 988
997 597
995 658
12 -49
758 173
197 -251
209 82
678 -41
260 59
573 850
948 -809
407 -70
95 98
9 -44
568 655
659 511
997 -44
17 388
361 8
89 -813
288 47
969 674
157 -836
983 -752
553 25
4 3
546 629
63 -16
667 -228
739 -680
17 -101
64 -117
530 -961
515 -67
221 -70
387 736
135 -932
67 -147
26 97
695 -106
303 263
137 -71
443 -88
151 340
83 461
219 -313
130 73
124 997
479 -447
939 911
103 -75
849 -274
317 -111
573 601
251 -46
94 35
908 -81
581 822
464 -517
91 9
309 -467
743 817
299 363
249 -254
445 -122
611 -901
862 747
3 -1
357 155
491 354
94 -131
458 221
966 121
61 -959
73 3
801 176
61 -359
317 -279
499 104
188 239
995 79
45 428
70 -31
101 -375
419 200
210 -11
151 -368
247 158
1 0
227 565
238 -41
213 134
18 -113
97 587
1 -5
106 137
46 7
64 209
103 61
153 181
221 230
177 92
241 -580
114 23
325 61
501 -712
939 -551
111 70
13 -193
217 -356
143 504
471 -911
250 379
252 293
245 -311
149 -289
424 61
963 -191
189 -74
17 -9
534 565
323 235
680 543
449 -176
937 684
17 -44
238 979
209 -424
163 -856
82 281
587 -756
73 19
157 834
300 797
509 715
47 7
17 -83
781 -197
395 -61
141 -922
990 -727
806 293
441 200
205 14
207 -466
51 16
286 621
288 869
15 -13
901 454
191 -792
591 -911
37 319
249 -911
327 698
461 306
735 -487
103 24
433 116
309 -184
665 -584
920 -879
188 -113
753 -446
249 497
920 -639
539 -905
137 -14
82 3
409 706
193 -158
509 908
11 6
313 -410
19 283
18 67
266 75
381 -907
754 287
202 -247
51 13
745 636
698 769
69 83
448 -157
118 119
69 193
571 -76
163 -663
209 -518
251 -830
475 -831
71 -96
180 -233
63 26
399 -296
645 -886
1 3
304 -599
468 55
951 -331
820 837
451 284
55 -966
233 252
264 -347
732 983
380 47
475 744
35 -709
159 595
691 -637
33 -10
36 179
884 -781
60 -167
136 -57
327 -230
551 747
101 -137
55 -149
673 36
643 -797
465 -236
975 49
239 911
670 -867
55 612
463 -938
934 399
176 45
263 286
131 -219
472 113
227 392
928 -327
13 460
401 190
211 -468
182 837
345 16
487 -277
33 -80
104 -97
710 -7
355 721
211 -205
321 -400
607 -707
888 191
112 -61
971 977
47 -65
38 69
568 841
355 49
207 -116
397 921
31 79
281 326
499 -790
293 276
200 -209
377 944
96 -145
145 454
152 327
471 -467
32 -185
960 -821
491 -173
361 166
96 -341
22 375
436 -501
649 -19
152 63
827 722
433 -507
245 -477
21 -172
293 -34
17 59
698 -373
63 -62
211 80
38 -417
618 23
335 -312
141 218
533 -661
933 34
707 -509
276 -157
5 11
661 -695
139 106
757 -638
699 -599
35 -141
337 -292
1000 597
677 -104
123 155
951 529
21 -241
943 903
462 -305
286 355
905 491
177 166
107 871
808 -89
917 -510
497 -375
638 -183
38 -39
13 5
16 -117
728 -887
8 383
505 749
271 580
16 13
117 -49
464 53
172 581
147 -152
191 -437
152 -299
27 -323
76 59
97 874
209 -999
435 -272
19 -62
741 -139
134 -865
17 -64
189 460
479 -219
783 -784
301 -569
121 205
258 367
25 233
562 -599
300 559
929 61
339 91
567 155
234 -215
113 124
806 807
433 -354
92 -285
639 700
14 97
161 -268
181 201
141 -311
13 32
811 45
268 563
19 54
539 793
330 -523
58 -169
888 545
19 598
86 -15
236 9
24 -289
263 316
337 -387
406 15
286 -645
664 721
93 53
67 -146
773 247
439 382
419 -23
1 16
953 -120
956 -911
561 458
65 31
240 -509
12 1
977 -908
233 -123
464 357
531 652
917 92
587 -896
11 8
709 111
142 577
768 -35
891 67
311 -495
777 -949
7 -6
342 -493
94 33
606 -859
753 752
251 403
94 -41
179 239
730 -613
23 176
533 -259
183 -5
37 -88
633 -58
544 -699
347 965
81 175
514 -819
210 169
211 -354
46 -533
67 -87
276 917
491 -181
91 -72
93 212
346 -949
163 1
681 274
119 -293
634 -369
13 320
857 -981
64 19
920 981
917 -556
333 -68
448 -3
782 855
589 -52
239 -358
323 32
505 843
137 192
215 307
96 -35
595 128
961 -510
478 -605
116 75
261 950
105 17
78 41
875 821
496 7
591 794
29 10
715 397
953 338
305 218
672 -481
61 898
61 -164
159 -139
261 122
89 -4
658 729
53 -171
321 1
956 385
518 -421
209 -315
581 -892
4 267
641 201
711 667
405 158
551 -740
293 322
285 -427
486 781
657 791
19 -394
143 993
119 25
805 622
112 307
461 250
338 -789
649 -37
73 -128
171 -392
217 -627
822 5
215 -238
605 -103
305 -652
331 -505
706 -77
938 -309
919 557
431 802
274 -505
308 -5
957 272
929 77
79 41
342 403
605 41
282 -143
233 964
521 -850
325 -172
719 -521
599 -265
29 -68
4 -71
646 -723
83 -72
767 -420
191 347
4 91
379 389
339 442
505 187
413 915
647 -894
6 29
87 44
611 -782
58 59
614 -681
23 -312
581 537
169 982
113 345
885 901
472 -915
155 108
662 -433
533 -929
415 -294
105 473
907 -735
44 -129
173 235
220 769
119 257
89 -435
222 -313
179 245
941 729
17 -8
145 253
884 591
118 -505
297 29
563 480
26 43
974 -917
348 361
59 362
128 101
738 869
538 -875
74 -245
132 -71
313 -401
907 683
913 -907
363 56
625 -854
10 -69
368 837
232 101
980 -349
296 281
327 -325
423 467
115 -84
231 235
949 929
246 5
25 -308
381 -17
637 -139
659 414
221 290
300 391
67 952
146 193
119 -169
211 233
61 2
943 -847
40 -23
898 705
317 464
810 163
808 -619
737 -358
741 -121
219 -224
73 -401
171 -20
222 -991
67 112
739 508
279 929
941 595
254 -141
71 -90
83 204
989 708
39 -451
827 -717
426 -253
55 -944
891 406
931 288
526 -935
396 379
324 -47
326 -873
59 -132
188 933
356 429
183 -98
114 71
261 242
243 139
72 -571
196 -243
121 -122
40 267
947 401
243 47
391 -32
37 -21
112 -45
176 -391
493 -428
205 381
311 -66
107 115
159 407
865 406
372 731
554 -631
964 171
746 97
836 -823
309 -136
39 -631
518 -537
707 -268
889 -471
884 537
811 932
375 154
513 461
241 -43
604 875
490 -793
841 -919
421 981
169 -74
701 -908
46 49
71 -29
494 -647
535 179
447 -458
547 -593
715 -246
271 149
917 -180
63 86
781 534
731 528
403 -8
563 5
283 48
405 -559
647 -875
233 -32
959 -782
994 741
53 533
76 -233
342 539
115 806
982 -131
166 39
197 123
8 7
184 -141
743 -977
649 631
77 71
376 -161
117 622
313 397
107 -174
157 -27
97 49
276 -443
25 2
417 113
199 257
741 554
259 110
493 -932
448 297
703 189
975 -928
89 72
137 -322
333 -55
177 187
853 164
445 608
16 -21
115 -546
897 190
901 -277
951 -623
678 -713
273 -211
15 -38
563 -556
147 142
593 79
544 -553
188 -931
108 11
110 229
881 532
279 131
795 -98
452 327
376 -707
719 363
321 -932
432 -131
888 -587
88 245
611 700
965 681
199 -25
436 357
136 205
35 -2
244 -303
166 9
881 892
85 48
418 -685
955 936
137 263
312 -97
394 133
150 421
489 -484
193 328
192 -415
733 -367
906 449
167 185
123 -95
23 248
237 -416
641 41
333 454
3 -100
93 316
59 -6
353 495
781 -779
24 389
15 581
113 133
341 -122
129 -139
355 -969
290 -909
871 -324
356 97
123 49
239 444
646 -491
583 122
1 664
59 -133
445 -79
409 -809
66 223
325 591
592 -317
49 2
13 121
101 -639
549 713
39 -46
349 -731
851 33
412 395
131 -182
87 -76
98 -225
601 -678
118 -103
71 -109
103 -875
2 -157
635 543
250 -899
145 -369
211 544
37 112
227 676
334 -183
281 202
55 37
927 899
718 -169
289 732
474 47
611 -688
66 23
683 8
853 306
85 -82
732 -559
35 -89
244 -87
398 -543
217 -157
926 -629
811 -552
887 642
230 -101
402 463
464 233
229 -113
145 202
1 99
248 177
688 -369
225 -869
394 -731
599 529
679 -114
978 755
596 -51
434 193
578 261
293 7
383 -410
202 845
169 14
76 121
395 -41
327 -5
273 -235
6 71
897 194
172 143
154 -557
283 -389
168 67
433 103
471 -236
229 -385
495 287
749 858
753 197
75 -443
497 445
122 -401
601 382
405 -521
127 23
1 -213
73 59
253 -70
939 -817
266 -211
137 -304
973 766
62 53
515 18
689 -812
813 -956
79 -95
539 996
41 -429
459 209
22 -13
212 73
631 23
6 -71
97 -361
188 145
577 55
333 -38
40 -21
340 139
326 -423
464 359
636 679
698 621
415 997
737 -549
681 859
584 -145
993 -737
1 -4
131 341
914 931
429 -128
263 468
991 111
174 -257
847 -173
918 -385
627 -127
138 -997
67 3
115 49
127 98
69 -548
251 50
881 279
31 -98
65 818
417 356
221 -2
182 -81
713 698
2 55
552 229
163 60
441 328
601 -804
261 262
117 89
286 -27
986 -533
19 -7
693 47
122 269
655 -298
197 69
553 -731
74 -87
142 165
11 10
5 79
433 38
5 12
662 -87
262 207
723 791
954 325
31 63
149 -859
529 -885
476 -307
783 -844
39 5
381 -875
14 -141
152 425
807 691
721 891
883 641
73 -38
307 811
27 221
22 67
139 367
833 -114
703 297
652 615
113 -4
105 -463
530 779
532 415
973 -803
99 217
113 -35
982 -271
161 451
931 191
64 -919
149 34
519 -214
93 67
481 710
691 -397
821 215
823 256
258 -145
97 -107
917 -839
660 643
239 644
184 -303
361 -210
11 -6
32 35
915 892
146 -771
60 83
917 96
469 285
139 165
892 -45
263 579
76 7
638 -837
895 -526
371 241
58 53
21 -5
275 -338
5 27
193 -356
23 83
329 -270
28 251
631 -185
540 -187
20 -467
603 493
577 736
99 -307
147 -907
148 171
196 59
317 125
288 -185
524 -9
657 257
285 -94
331 -68
163 -55
947 896
47 -436
426 -115
881 295
177 310
567 -529
131 475
189 149
362 553
65 -56
15 -2
109 167
118 89
281 197
223 389
471 524
377 996
323 -160
703 -465
571 870
689 -590
179 174
9 155
187 -249
449 745
642 -553
754 539
175 -94
291 499
458 -275
2 9
923 619
195 79
505 -211
71 -356
551 -340
299 -198
474 329
276 77
21 -881
95 358
996 625
407 323
565 309
266 215
169 -6
983 756
955 -553
49 40
723 841
991 -725
960 -31
310 119
710 -333
817 -393
383 818
773 819
551 -486
894 257
466 933
33 146
323 88
618 -535
535 -488
43 467
652 -119
63 -278
30 23
883 -239
599 -333
338 -327
589 672
72 23
816 593
419 817
391 317
385 428
943 -527
51 -233
158 23
37 -29
303 -20
431 911
1 -1
851 847
199 -987
554 -181
1 -12
369 -34
495 -821
914 71
365 363
560 659
513 -814
387 770
383 952
53 37
977 -523
853 684
629 844
219 -494
98 -215
202 179
301 398
773 20
230 613
4 5
437 -275
863 438
173 -158
496 149
481 -281
71 -607
22 93
173 230
293 366
86 41
279 -259
633 460
894 241
707 213
131 -166
88 321
266 233
223 101
87 -176
394 39
485 163
137 -20
993 -458
709 -444
23 10
111 -49
44 -393
661 -367
23 -58
203 148
10 -731
443 864
387 -469
961 894
203 15
15 1
416 183
227 905
307 329
338 -431
46 -855
289 516
159 40
409 568
449 -500
23 -272
13 3
371 -468
954 527
2 -189
32 153
88 51
578 -175
916 -829
9 -38
439 -629
13 27
380 97
197 -230
23 981
507 -640
279 247
50 -91
3 -29
341 -63
239 29
839 -374
958 545
322 -149
257 -33
647 86
730 159
439 87
256 939
515 -828
223 946
166 349
223 -85
262 135
212 -429
251 -550
49 584
284 -517
228 -403
700 -857
132 79
223 286
155 -33
149 418
97 12
710 -51
383 244
131 -60
924 -481
366 319
566 -953
627 173
227 -423
925 -623
119 184
179 -209
45 67
647 -719
417 -710
298 -175
89 -156
236 -735
901 277
109 916
883 672
686 445
721 76
426 -403
697 -308
27 -4
54 -31
92 905
409 -355
626 411
337 321
259 877
193 258
806 -379
850 -463
27 -124
134 -371
258 245
262 -441
13 -115
684 -301
274 691
25 -159
3 895
919 232
157 20
9 58
917 52
806 -935
760 631
176 -813
69 206
269 451
163 69
31 -41
957 -842
264 719
461 -454
71 488
907 -892
603 -764
85 174
816 265
1 -138
36 505
804 521
241 127
251 -346
35 -339
110 -833
431 -428
881 791
614 791
5 -101
227 -162
123 -199
44 579
210 -1
489 452
958 969
37 764
297 95
477 -923
20 -591
40 89
9 -139
426 -431
272 281
45 32
19 118
346 387
325 969
49 18
69 -113
669 715
66 929
257 -286
267 -722
19 39
55 124
8 3
89 -219
35 11
880 -387
59 811
57 -395
41 385
941 282
273 223
317 102
320 43
691 523
509 -39
163 -315
275 272
32 473
367 5
934 -729
811 -38
93 302
164 -207
611 -855
580 -189
514 -205
834 575
174 -181
803 530
604 477
332 -405
464 189
383 -231
124 -11
116 -131
621 679
414 -467
900 -841
538 61
163 -838
366 -787
8 11
461 -280
58 -393
86 -881
335 334
589 441
295 688
875 421
353 -170
20 -481
204 -35
263 417
8 -11
4 -1
280 -293
104 -191
52 -85
25 31
314 -299
639 -986
190 989
47 -625
79 18
67 -138
683 200
464 933
741 820
443 834
727 797
52 157
230 53
457 480
227 -190
999 -880
71 408
353 637
244 -13
316 543
991 -183
256 -225
901 529
593 -833
242 -967
877 -646
151 -235
369 -340
119 -955
563 -9
859 47
95 17
77 -124
261 218
893 949
176 -481
988 891
487 -448
827 956
227 -212
121 -85
820 741
127 -374
4 -19
92 -679
163 845
623 -905
137 198
29 48
22 -25
11 -333
629 184
7 -8
1 40
599 -202
109 860
818 -487
43 18
487 660
460 81
6 -13
347 -233
294 -925
311 911
59 257
847 -986
256 491
769 575
130 -177
352 -249
211 253
897 -620
88 467
581 888
351 -287
849 -848
293 861
723 442
329 174
631 997
910 193
518 723
33 371
801 154
650 129
801 -17
181 59
113 -95
230 -271
333 391
121 426
22 -71
2 -3
71 530
347 -134
837 106
62 9
211 491
479 453
93 419
863 282
66 97
47 411
223 -439
365 -256
185 92
469 460
173 -117
697 220
174 -823
7 342
212 269
881 -738
9 16
606 -907
750 229
181 50
421 -3
997 224
29 -147
412 -363
140 41
395 544
683 -21
61 152
37 -363
822 835
341 -766
46 997
712 -133
301 228
906 545
635 -148
186 -145
155 89
45 833
37 6
659 988
235 853
803 778
117 -89
944 -629
367 158
433 784
997 -713
178 -601
325 -397
275 613
50 103
373 -87
655 -974
637 233
325 -142
942 -175
232 689
421 348
106 155
55 -59
328 29
188 187
825 -29
683 843
271 -469
77 -279
467 -470
941 185
118 -57
73 335
232 229
242 475
254 -145
50 51
243 -22
12 83
376 -877
428 -147
357 125
235 -312
487 768
595 -689
31 92
935 -339
224 -573
27 -946
517 -479
71 -950
547 -377
55 -157
475 363
44 345
41 48
231 17
35 -17
16 17
671 261
45 -164
189 152
137 690
25 -66
240 -97
446 11
601 -361
349 -754
659 506
151 192
217 -450
158 -901
611 -510
906 -607
322 131
20 -137
817 -889
372 1
530 293
506 -745
74 759
883 407
391 -11
447 436
424 -15
133 92
159 -119
193 210
361 161
97 90
401 -567
562 441
757 -734
117 202
609 407
43 102
455 -913
157 -810
583 672
396 -85
851 376
452 745
713 -182
298 165
5 -483
185 219
23 28
5 126
356 -551
655 -826
22 393
124 -133
179 468
682 207
169 -165
694 813
206 -49
272 797
446 397
300 1
209 -963
280 -761
485 906
443 -20
124 -15
52 141
401 320
457 445
331 189
308 -227
120 -427
739 28
233 761
501 -476
71 60
950 717
209 667
33 908
7 13
219 -379
659 -416
208 153
36 -373
143 59
477 142
367 171
62 -623
59 426
841 -253
207 298
409 897
467 203
900 191
785 409
31 60
217 -201
749 16
125 116
155 501
288 -35
294 157
506 3
317 216
473 311
878 -773
8 9
807 -274
439 849
629 701
91 85
709 -660
725 -942
824 587
611 -599
15 2
107 765
247 -90
677 -116
866 563
999 -359
249 52
787 496
232 381
45 -29
681 103
519 -877
271 289
39 85
155 -643
41 -380
288 -251
368 -225
449 -665
33 -140
503 -103
402 -977
959 -690
242 -713
679 402
575 497
535 903
280 759
983 -679
608 749
723 955
773 476
829 -497
906 617
191 -240
133 669
45 2
378 -751
457 452
81 331
601 906
325 171
464 -197
369 -680
943 -327
68 -557
667 -704
5 -18
476 -93
787 627
341 101
57 -79
49 -3
511 -128
80 73
807 -176
90 223
167 -604
87 -28
650 399
631 10
693 239
92 -17
581 314
747 -13
34 -21
153 -247
17 915
307 -144
305 592
505 991
74 167
569 -951
204 59
38 -365
401 86
340 291
689 -504
5 -1
775 -382
400 -647
869 764
186 223
139 -157
301 -178
5 48
25 758
741 -178
35 -26
352 -305
311 -171
745 594
583 831
7 -41
12 -61
657 -13
625 789
73 75
22 -65
847 -614
819 -388
185 -178
570 161
8 739
78 79
283 115
45 -838
31 76
268 -417
353 -824
105 -241
155 747
276 -395
548 29
616 -207
728 659
165 -824
1 53
199 602
843 32
687 665
41 263
847 548
91 -32
207 -305
680 307
306 -163
57 -50
7 -27
636 -475
917 -30
54 41
208 -31
124 -597
245 -811
761 256
169 -358
43 -72
204 233
460 -639
872 761
465 -986
67 -362
108 -143
142 -173
281 -276
837 938
5 -2
65 -289
581 -582
928 323
857 -397
347 -845
943 666
192 95
180 383
562 977
61 -39
776 -53
201 703
50 -139
565 -583
959 698
3 -10
331 272
23 297
497 55
875 732
809 -302
41 12
50 -191
63 -53
84 23
55 -951
853 -858
133 -487
79 47
783 346
86 49
574 373
483 -317
211 800
231 -299
87 -328
37 41
189 -82
813 919
506 593
493 704
737 499
779 -584
720 -763
433 -139
948 -53
505 -653
835 -443
465 -796
329 -761
470 519
97 731
124 37
427 447
109 582
307 -158
58 -5
386 173
917 -551
877 453
241 -937
277 -538
401 613
173 475
387 -953
767 231
106 33
449 -473
200 -617
482 231
719 547
20 257
63 239
115 -44
118 -7
193 -786
463 51
28 59
67 -34
821 -276
481 -266
89 610
609 -641
53 -250
108 479
85 144
19 -826
878 723
586 -345
11 -20
255 -206
844 333
147 991
951 281
23 834
588 -17
748 -317
280 57
674 -113
308 -325
183 -112
419 63
457 260
171 -59
148 -149
303 -193
33 -856
61 -63
683 968
143 -713
407 -742
423 52
221 -766
406 -671
245 302
23 119
211 -108
851 142
1 -65
124 -911
289 -317
18 -47
242 -289
218 65
365 188
495 728
249 -533
852 -239
779 -485
203 519
69 -34
835 758
316 39
249 782
467 -419
215 298
795 209
241 -420
436 221
71 485
267 38
107 -56
157 -910
440 259
43 113
124 -767
52 309
711 293
8 105
821 498
918 923
295 -12
5 3
147 167
253 125
19 86
73 103
967 336
310 -139
899 592
68 -319
796 575
777 874
138 95
408 151
2 135
326 -427
821 -160
601 514
948 -389
42 473
956 -387
624 539
95 196
137 -799
75 -59
944 -897
699 877
96 91
157 571
157 -129
903 935
187 83
29 4
7 -368
239 -150
419 -418
317 513
617 54
805 941
725 -954
118 -279
989 -500
155 352
296 -65
365 -769
17 -23
44 -303
563 -90
107 45
439 370
573 -944
763 -314
746 923
174 181
584 -191
266 395
207 172
827 909
228 611
636 167
518 437
3 -35
643 -128
18 19
573 -121
323 -259
64 3
425 -996
697 726
237 673
19 325
444 -793
89 313
181 268
694 -879
387 761
25 -117
907 302
47 -609
917 -16
21 34
517 -958
911 -157
990 221
305 56
437 -309
371 783
106 105
498 -601
89 -881
164 631
163 -103
113 -201
175 31
30 7
299 863
53 -801
371 -244
353 -673
776 201
31 78
139 151
26 79
281 451
107 218
936 895
92 -27
127 -144
148 -121
43 -961
11 43
89 -109
479 140
342 -115
257 -242
1 -170
865 592
56 29
43 21
208 855
129 -401
236 -337
72 101
305 303
412 -527
18 -383
61 225
91 902
375 323
289 -126
106 -141
179 63
241 -54
944 -943
599 -759
316 431
348 89
665 593
93 916
249 -692
561 905
377 518
89 -936
423 -296
98 -277
201 106
385 -391
841 -966
33 136
64 193
83 11
914 -371
90 79
4 -23
311 -265
221 -550
713 224
727 -100
60 889
96 -167
92 319
321 352
147 32
26 -601
131 -784
173 -243
6 457
457 239
199 -393
184 241
483 -283
236 -19
137 106
83 -86
415 -558
851 304
796 401
161 -573
309 956
419 -439
900 961
216 887
44 -91
98 -71
167 -214
690 -833
33 23
601 406
263 -75
883 997
471 -269
774 367
115 22
779 942
97 -794
494 -463
91 -218
284 897
165 -221
856 251
623 152
39 -37
157 -158
251 117
713 915
662 -439
127 369
697 -438
95 -34
285 -578
618 -575
383 -158
41 788
131 -902
836 -735
269 -625
169 438
103 147
123 -430
575 681
79 775
453 883
244 371
445 -916
263 -879
87 275
49 -81
723 10
302 -431
276 89
37 -73
147 -11
265 -189
178 -261
453 148
669 -929
73 -101
670 797
328 -809
599 713
399 260
109 -17
129 110
217 -265
93 -367
578 -937
371 339
474 -947
70 -141
759 364
62 925
195 898
71 86
15 14
437 26
821 989
17 208
20 -487
242 29
506 -811
343 568
713 -486
6 -7
31 -332
135 127
758 -615
819 935
811 -347
135 34
59 111
231 167
71 114
958 475
863 -10
479 -171
93 13
18 379
565 234
229 -301
574 641
665 -131
798 -463
179 -110
677 226
839 390
55 -28
513 691
344 909
778 -527
109 674
180 947
123 -35
939 224
857 -834
869 -919
199 -425
97 -360
762 809
71 130
132 127
17 -13
731 -449
461 -780
949 135
662 251
195 29
788 209
37 380
499 11
138 -601
354 199
173 324
836 -813
287 -484
326 15
468 149
358 867
265 -113
759 700
444 325
550 219
1 -70
359 681
62 99
31 196
125 44
951 -43
27 -118
179 -196
314 -547
497 -12
959 -785
656 577
5 -467
113 -383
11 -684
481 -698
407 650
199 -461
149 172
407 -410
48 -107
973 747
439 212
224 -227
909 -583
768 515
51 -134
684 -173
126 -283
85 273
991 927
289 62
647 157
320 799
421 254
613 -410
75 82
707 745
401 -297
37 -284
117 271
937 846
668 355
589 -24
12 7
985 54
751 520
996 241
164 -255
699 -532
404 -491
278 147
299 -166
683 -993
137 214
553 -346
424 7
4 25
951 -244
774 -955
90 133
198 227
76 -511
73 221
78 565
220 901
153 58
193 160
988 713
262 293
595 -934
448 409
213 -944
427 500
197 -72
676 -451
61 107
55 36
78 383
831 -461
97 -337
229 618
196 153
617 -539
334 -559
448 -289
389 -844
11 -49
353 593
36 -157
112 -785
281 -433
587 603
758 283
336 -73
801 827
583 -188
34 667
304 15
43 22
415 64
188 -417
189 88
964 -321
95 897
35 -186
439 -861
421 762
356 481
955 -338
250 317
361 -203
259 305
139 -100
577 -80
233 -468
134 -139
40 19
896 459
163 -173
895 -791
3 -46
293 -772
38 71
307 268
73 165
897 106
158 -51
908 465
283 497
227 -214
799 -990
573 980
731 -968
155 159
209 -887
717 -202
774 767
473 62
885 -233
31 26
915 17
19 -50
48 -47
382 437
647 -531
373 131
131 -432
592 -469
203 82
1 -8
40 -31
21 50
434 -281
397 87
159 -55
137 -153
871 -628
13 -165
271 678
65 -94
30 -29
894 305
804 -79
16 -89
938 781
569 84
630 -913
397 -706
23 -1
640 679
41 59
782 -913
464 369
299 -53
59 -245
29 3
124 -225
96 497
764 -641
736 287
169 -196
47 -277
417 -265
919 -733
283 354
353 291
294 -241
127 -269
639 179
377 -768
37 -69
683 986
125 -147
649 -113
4 -61
9 113
895 -337
125 209
105 443
51 -449
288 -157
66 115
918 -733
419 -220
5 -122
58 -563
715 -787
241 80
21 -1
234 335
327 92
319 105
173 48
253 -369
211 -172
858 -703
14 9
29 -71
242 -247
431 -961
967 -770
319 -636
157 25
67 -394
246 -607
321 488
263 681
997 -244
769 -280
460 -399
4 -25
265 -136
979 -729
748 897
875 -211
109 461
68 -131
164 897
341 -743
19 31
519 -266
828 215
247 -977
424 -239
673 629
626 207
377 -322
571 -91
143 85
212 427
13 118
471 89
467 808
619 746
5 58
538 801
85 -346
655 991
55 3
201 209
339 -539
55 -9
429 185
173 262
626 175
517 -210
808 -357
827 -706
217 834
867 -215
307 251
510 -751
4 -5
148 11
61 258
5 8
159 -976
632 -87
879 -421
295 -334
19 -138
973 -20
787 -413
26 -43
226 -75
349 -38
92 -111
17 -285
126 317
835 -983
167 -355
584 935
1 231
469 -923
656 271
173 -709
681 697
17 -985
37 863
119 -244
199 89
247 224
187 -254
262 -281
73 -187
964 -449
993 -62
97 -430
1 41
203 -356
847 463
641 631
272 263
227 -328
43 -857
349 -248
211 -100
619 101
61 -151
423 253
135 346
20 -31
953 426
25 322
442 945
935 287
624 763
521 -574
456 -5
677 765
183 193
168 163
436 -757
724 617
799 945
314 -441
802 907
954 -787
813 -577
43 -360
257 239
239 950
341 -64
27 -35
415 -469
333 50
145 106
236 -335
864 911
479 -430
161 -705
841 787
148 -87
1 -126
470 -679
250 19
69 454
985 -478
298 869
381 122
265 776
686 -451
54 -29
629 -943
450 227
84 449
643 -326
400 -579
1 -61
140 -83
680 53
8 161
687 -391
595 -887
548 -661
449 563
863 30
167 -68
582 451
131 -737
265 -133
735 -674
67 -949
409 778
130 -781
141 -166
321 -332
955 -208
694 971
153 202
152 453
68 -39
301 563
805 -646
194 289
469 -473
547 -474
379 612
311 -91
53 -122
5 -102
509 -740
628 931
136 169
242 101
879 -833
154 211
364 29
900 -533
767 -902
462 337
39 -373
173 905
31 -24
756 905
202 -215
337 798
388 733
92 285
7 -66
389 -272
956 985
845 184
127 -2
701 600
383 -70
7 25
281 -174
151 136
201 191
85 -247
163 180
498 -149
56 -359
569 -715
206 -439
209 30
571 -983
209 -324
69 626
291 -457
497 872
391 -233
45 -454
839 -878
21 -58
661 -311
277 300
764 -17
536 595
79 -2
746 -415
119 335
269 -272
377 -109
467 67
239 487
26 391
125 -904
613 444
516 571
13 -7
1 -6
787 -573
66 -167
83 -68
136 813
598 -605
142 179
785 -502
365 -296
228 -271
388 249
61 -711
327 -500
5 877
200 -379
713 -791
359 7
488 771
564 -449
375 784
481 642
811 -207
191 -65
811 456
290 -933
91 400
947 -773
795 -397
536 647
738 -77
29 -614
183 26
285 106
37 610
731 -581
29 -81
163 -830
636 323
779 233
729 838
20 23
216 -415
1000 669
235 429
43 103
156 -107
193 -887
206 619
169 3
223 191
628 885
253 898
211 -549
59 -68
325 -997
467 -14
305 -249
25 -171
233 826
226 -425
638 389
23 114
974 379
31 -144
152 49
838 -785
445 -92
867 443
851 573
117 -176
117 -616
858 497
281 -347
94 -17
593 -824
14 -235
32 111
13 50
28 -799
839 504
272 737
295 -748
848 123
427 -166
72 -253
365 -461
753 178
821 466
83 -121
135 -931
482 415
737 937
227 94
77 152
235 907
842 157
6 -1
742 -429
139 387
109 -177
791 -144
541 -276
363 232
423 40
159 229
769 -130
71 -408
531 -667
47 -92
907 983
381 649
641 450
101 -163
375 -239
426 745
447 260
480 233
249 178
428 -215
17 -500
877 902
707 -355
157 -63
617 895
297 -727
884 951
963 280
796 93
272 -977
75 16
71 -160
227 -197
291 -668
112 -17
107 -160
325 363
773 -158
71 -249
339 19
6 25
25 544
52 1
27 418
359 -155
218 -465
326 -67
40 -41
13 -139
341 971
797 -457
635 292
595 411
839 -476
393 -233
185 14
467 -93
466 -379
649 -251
71 148
206 -689
134 -117
681 -869
315 278
424 -81
893 -491
81 -4
232 137
909 -4
959 815
151 257
27 -26
344 -303
395 31
510 -53
942 737
385 562
106 93
99 -164
795 -623
126 145
817 592
669 -854
72 97
225 199
5 42
127 -965
815 116
49 317
908 457
813 356
13 54
179 -564
62 57
71 -97
303 -820
8 -99
263 268
42 -233
766 613
199 -242
91 101
50 33
499 154
989 -534
58 -499
337 221
755 -987
493 980
197 -113
908 -887
279 550
105 -298
324 -385
541 -443
35 69
83 -308
379 -619
818 561
96 -137
504 473
729 -161
848 -665
921 124
7 -181
44 281
149 -829
590 -981
605 -587
295 -186
155 -68
1 69
247 -201
83 174
235 378
433 -613
11 -270
240 -209
969 -929
140 261
586 -279
229 -237
103 -676
787 -879
253 -120
137 -690
289 600
150 391
397 -355
607 327
827 961
391 228
652 373
950 453
8 -7
74 -3
100 -331
433 -862
6 73
934 205
31 -112
829 202
289 165
422 -897
44 -89
236 271
237 242
892 -259
330 53
681 607
327 -385
161 -40
155 -64
325 228
124 131
327 -88
172 511
157 -950
451 -225
111 682
686 843
381 583
91 51
243 955
559 684
233 -319
205 491
446 -83
463 168
123 -367
30 -71
643 -413
39 712
160 511
439 -247
107 -63
249 -266
44 -37
808 427
68 -35
257 463
243 389
47 -5
231 215
318 -223
461 767
159 211
339 283
37 -113
145 91
125 171
797 317
99 359
951 -448
211 230
14 257
886 235
576 11
77 -118
104 -613
148 -403
403 113
829 377
87 245
165 -191
43 -275
927 367
304 -293
82 -191
517 -256
337 -195
58 -611
2 -727
5 -11
67 27
137 627
13 16
343 -417
895 -51
79 61
15 8
922 -879
194 -43
934 -775
86 3
395 -571
589 -284
452 -593
390 803
269 411
196 -29
269 665
895 516
905 821
9 -31
27 -317
137 278
685 506
27 104
866 623
156 803
516 187
384 -199
458 379
489 719
886 351
854 -825
75 -197
913 -131
8 -281
237 791
861 101
49 -491
769 812
885 -28
855 671
76 -287
290 -131
67 -194
476 115
734 -407
980 -961
15 4
83 -56
977 353
49 115
866 883
177 -31
17 22
531 -113
128 -123
968 321
747 -269
97 -152
187 -39
63 230
579 -943
738 871
433 199
688 665
29 -55
849 947
67 62
667 339
22 59
462 -277
39 749
205 -118
428 -999
883 -887
213 649
13 21
89 -802
129 913
571 478
862 -119
19 567
361 -419
199 265
433 19
640 -263
181 774
530 -787
412 287
112 -493
291 -824
245 -282
250 -253
44 -525
346 -71
59 240
81 -160
157 -512
945 607
976 505
348 -103
925 -349
54 77
365 -148
553 -475
847 246
718 275
225 -298
319 337
137 437
53 -474
60 31
397 48
712 -249
877 326
695 956
234 89
537 -935
441 524
585 434
47 -69
31 96
35 296
91 -813
167 -425
769 502
357 -397
6 13
259 -65
321 323
83 851
65 -108
799 409
263 765
980 439
415 -778
303 418
210 -23
24 11
21 -22
240 -41
176 -15
409 -114
175 -757
489 -811
52 941
949 -462
153 310
66 41
121 832
310 -553
331 422
667 -719
133 501
357 -46
104 -303
235 -384
76 809
907 -109
943 -143
9 -220
701 581
381 -28
953 520
845 -323
19 12
336 -313
793 -252
169 -218
888 499
2 -47
225 -502
929 591
493 43
611 -75
94 145
841 -851
76 -533
714 19
562 -953
839 627
227 160
31 673
674 843
451 -364
779 796
460 -103
750 73
78 119
59 65
818 -325
217 -977
3 2
789 -958
907 509
532 -873
944 -285
359 -957
777 -823
563 514
44 -197
973 -631
87 8
685 -939
199 185
180 917
373 -611
905 -11
236 -167
283 -181
865 513
513 734
608 881
206 -553
303 218
117 140
57 25
413 715
906 -445
985 922
185 -46
136 -13
725 -908
67 -10
948 109
141 190
728 -817
76 71
5 -527
323 163
175 757
964 -341
301 471
186 -97
784 975
746 -157
123 -197
303 -191
304 213
236 263
355 -813
932 319
16 43
619 555
336 845
462 -461
316 -1
10 589
306 199
7 -38
304 953
355 362
110 -219
59 565
95 -211
141 -181
119 -734
329 607
68 403
661 -706
222 155
242 -109
107 -89
65 41
107 512
257 -190
15 -22
161 86
107 139
571 538
463 497
391 -29
582 -307
204 -139
9 -64
319 894
683 947
113 449
437 347
767 692
468 -73
925 -404
89 -117
11 -140
780 -331
916 -989
143 -171
297 -365
951 556
485 -442
685 -493
924 -139
179 107
10 -71
581 893
933 710
101 -454
676 619
587 174
343 -862
527 574
526 -709
827 -815
61 63
349 488
237 -574
479 -318
530 461
967 262
668 757
563 -80
74 143
40 239
87 50
29 471
189 -127
52 -353
900 -619
17 282
507 -874
257 275
829 -835
682 917
495 241
549 -317
218 19
968 599
117 -253
487 581
979 -953
63 61
886 687
935 871
365 177
333 589
289 -960
886 757
356 -401
49 274
727 -427
718 421
603 818
315 628
219 424
37 47
199 358
173 -278
5 -389
916 -647
145 134
174 -833
339 -493
460 249
331 194
197 -88
96 115
29 32
29 -410
247 168
773 278
742 -705
925 973
87 674
991 -836
802 161
329 -296
611 -421
45 106
659 -249
983 -997
788 -511
892 825
28 39
263 488
706 -473
884 557
425 -464
514 -863
914 -755
347 -665
166 939
115 568
680 769
337 352
203 -333
457 -445
285 196
69 -986
128 163
85 36
624 977
492 -683
450 -97
299 -14
703 557
203 205
483 -148
800 -791
26 -49
400 19
759 367
237 -23
79 -59
234 -83
723 -997
381 -334
124 -435
257 -821
219 109
347 8
438 -377
525 -347
41 551
393 299
998 809
972 -931
244 133
161 -186
59 355
21 -52
403 -565
977 -624
329 -32
37 45
965 868
319 210
49 243
32 67
931 -61
151 -149
307 -273
133 452
59 334
176 17
699 -59
136 139
19 -509
877 540
451 229
429 -643
7 -71
106 -545
777 -247
332 -985
984 -409
67 844
256 -673
58 45
546 887
449 -874
93 -37
729 -400
107 -879
412 -255
180 839
74 -179
244 249
324 -929
733 81
729 671
109 18
32 -53
163 -197
848 91
451 947
51 -73
274 257
469 480
383 -194
882 419
887 306
546 727
786 -457
857 -98
545 -742
176 109
181 317
457 692
1 7
463 205
799 -437
627 -89
892 -959
79 184
499 -635
20 -139
453 -860
523 -862
693 -208
747 -863
903 85
328 -511
344 -853
867 701
946 -177
477 -41
968 -949
319 426
913 666
986 583
171 934
239 -220
57 -37
189 124
79 980
217 -177
797 -38
314 -605
313 -141
475 -223
297 199
309 -118
148 295
29 24
996 133
178 -119
127 434
160 653
379 -461
336 545
167 42
11 19
819 262
170 727
421 -963
411 862
437 -706
334 -819
923 20
979 -343
209 -881
579 -295
373 -359
147 787
311 -393
223 -164
346 53
219 -31
328 79
326 -447
740 769
80 -87
55 -49
997 993
13 -142
422 885
269 101
719 336
82 91
19 -448
573 -233
245 -967
771 163
477 181
125 162
96 419
831 -41
5 207
226 1
459 13
152 123
431 9
29 120
120 -451
45 -67
325 -241
393 754
315 922
488 -687
304 435
635 992
162 -245
20 -1
15 148
153 661
182 593
1 11
628 689
801 91
298 783
139 -36
899 -443
550 -853
25 -819
385 449
127 10
3 107
977 970
61 57
431 833
694 401
733 755
847 702
423 -917
21 -449
535 947
172 -295
815 896
25 192
628 -877
7 284
189 965
97 -695
599 -441
661 103
233 -308
17 -331
583 152
143 460
964 343
73 145
799 -679
7 79
421 -497
37 653
361 -558
363 547
281 -937
134 -55
55 191
461 -543
41 121
312 773
153 404
38 -15
14 13
489 946
701 -25
204 73
733 -658
341 -457
166 87
442 233
611 -781
23 98
557 908
561 53
9 -5
427 -361
332 -195
535 -398
962 -189
975 -269
87 163
340 -239
47 26
709 -323
60 -73
49 -253
103 -77
298 -113
25 338
299 800
242 -185
505 477
17 84
616 527
670 -917
17 -349
141 -440
393 -119
689 726
469 -354
249 -19
925 234
250 151
41 -134
81 772
283 135
21 -899
105 -232
323 -275
327 164
628 395
602 755
265 651
338 -345
683 666
449 -155
241 -61
683 798
148 121
134 -715
80 191
471 346
393 -302
53 -35
101 -51
207 -833
158 199
660 13
335 301
473 -147
789 754
67 359
877 584
917 -255
119 -15
157 -874
48 79
432 -239
69 -239
56 -617
416 -275
21 68
431 428
93 -56
921 311
104 127
823 -596
785 246
457 -120
29 99
79 -81
927 821
183 85
51 376
597 322
173 789
35 -841
964 659
45 722
108 53
33 79
99 41
274 -447
568 -295
726 875
195 -614
3 -19
143 -12
169 179
260 71
1 -234
859 -174
811 -800
210 -17
105 -307
1 35
836 -431
28 -345
280 -281
307 473
566 -443
686 -225
155 277
368 -329
287 -527
307 553
691 150
17 43
27 -154
5 -7
367 60
53 474
83 130
423 -589
6 -437
928 -671
427 409
310 463
164 37
581 -897
873 910
347 -420
47 272
794 -99
289 457
572 -235
23 47
197 -721
377 -998
267 -850
461 -475
311 -306
522 289
203 -888
319 219
939 -767
655 -427
2 -59
556 351
573 127
803 -929
136 -485
129 -749
117 397
983 475
1 -7
20 -57
519 409
48 -77
447 479
737 -585
473 -930
135 119
101 205
171 602
355 881
25 37
363 -200
777 -347
83 -17
83 824
438 289
174 -7
228 -181
287 -173
722 985
266 -829
499 -207
319 236
5 -21
241 328
860 -499
389 -78
877 -311
984 -899
66 241
757 -415
88 25
547 134
328 221
871 397
69 -59
401 -480
581 -88
661 -299
894 -23
17 547
193 -764
5 19
967 -260
792 827
608 -619
155 -967
153 -134
875 -444
22 89
33 -46
425 158
835 -429
666 113
135 77
607 89
812 -447
169 629
79 103
263 107
223 -6
852 -119
183 -239
206 -53
451 266
769 -456
297 98
25 -17
385 -711
321 254
65 126
533 555
575 6
121 -664
723 983
559 -537
87 -191
189 185
79 736
487 -491
211 -209
239 448
111 -149
47 67
901 924
395 -83
176 75
290 711
211 -473
817 59
372 -917
394 351
678 -289
1 -964
517 727
31 -8
103 198
131 -217
134 767
666 -469
212 297
442 -607
205 207
571 775
189 241
151 -162
829 -752
121 -101
321 -871
688 703
101 -196
80 49
575 318
960 209
689 -408
469 554
85 -209
143 331
52 89
55 -647
433 -340
403 -902
310 -919
395 -689
227 460
399 89
411 -412
679 739
205 -61
978 -319
597 575
55 53
431 544
393 373
7 -22
625 -94
723 -106
999 815
881 -429
713 -449
608 -825
596 289
947 -810
906 -325
683 -572
304 -755
942 491
304 925
601 -825
72 299
161 -81
143 43
934 -477
286 883
38 13
697 -963
89 380
590 -783
673 -671
223 997
456 -103
376 -865
461 708
937 -694
9 8
180 229
741 -473
369 -632
191 -125
5 -4
678 61
20 43
467 -144
109 995
5 33
451 271
270 -223
129 -257
15 61
601 -845
401 577
846 -943
63 -230
927 220
800 -83
365 487
92 33
475 -936
488 495
75 28
811 923
169 -836
50 43
83 -120
943 -957
787 713
141 115
913 772
713 -193
297 485
326 175
151 4
661 364
898 901
270 481
593 54
619 -532
9 -383
13 -54
810 -943
931 941
331 512
6 -149
53 -31
97 -183
74 -65
979 114
5 2
259 -460
84 409
850 261
345 434
279 373
1 73
727 153
167 345
4 -655
983 -803
258 125
23 395
229 15
575 128
100 157
571 961
336 547
981 650
685 454
456 157
40 -61
281 304
467 497
317 80
516 -211
818 -609
203 313
899 -752
70 251
467 333
337 44
792 851
721 -643
87 -451
139 -319
129 -161
225 353
947 -812
235 -348
25 57
341 252
9 10
296 49
287 302
167 942
855 511
428 -195
446 293
471 -82
139 -165
887 589
991 950
452 63
169 -19
125 -144
207 280
97 -187
383 720
64 7
561 1000
498 679
155 -82
175 32
200 -137
347 -176
769 573
847 325
296 153
916 -549
405 59
969 -122
194 -953
470 343
12 -481
226 -269
323 -32
79 -616
229 926
307 531
393 -320
545 -621
221 99
23 -29
434 911
395 386
73 492
798 -101
817 329
306 191
47 451
163 -52
585 -977
234 709
799 -443
439 492
157 -160
815 -513
1 2
3 22
613 268
20 213
173 -449
4 1
104 -393
92 355
51 -419
385 -519
469 851
332 -287
166 -411
383 403
454 7
176 -831
151 -586
970 -421
163 -237
28 277
115 -78
674 925
269 -69
30 427
395 528
11 83
36 913
41 -34
347 -78
288 73
335 347
673 -188
426 -215
562 -295
151 -24
193 -238
548 989
2 -5
177 299
490 -823
788 409
559 915
129 571
120 667
88 -881
338 -939
460 -473
166 883
30 -43
305 331
117 -409
265 -156
302 -57
146 61
10 177
363 -760
106 -589
469 593
83 859
851 195
724 139
823 16
25 137
264 -29
73 -321
65 267
433 605
205 276
983 -43
427 -338
283 -169
314 17
845 521
757 848
577 -176
233 -228
183 -199
169 -118
25 -201
827 -78
91 -6
447 278
977 472
77 93
161 -118
719 832
922 -223
33 -1
397 488
80 41
11 269
121 68
808 -297
172 -999
675 -371
34 67
456 -175
773 -619
965 407
69 392
434 -57
353 96
139 62
401 -419
745 -857
558 -203
688 917
157 106
418 -809
5 24
186 -161
208 83
136 -95
61 -9
90 77
869 -455
273 -2
996 25
497 530
521 -655
14 137
8 -123
443 755
475 302
77 46
13 -740
33 -74
695 -746
27 55
379 739
348 -949
119 -95
19 -36
442 995
327 925
179 164
76 -23
229 776
17 6
605 573
496 259
119 162
757 302
788 -873
101 -124
108 -77
468 -437
156 445
187 129
187 -195
614 49
143 15
607 446
137 -87
413 237
401 109
10 87
320 -151
143 -438
427 -594
616 -531
13 -14
469 449
772 345
131 101
73 201
191 558
580 -153
245 -281
162 -323
87 -485
657 -452
733 -517
594 347
289 30
207 -112
628 -83
131 933
681 -334
929 904
263 -126
415 -79
7 289
717 -59
289 -18
17 341
183 -356
107 -285
247 -214
301 468
427 132
71 155
55 17
942 277
387 -601
148 193
336 25
419 173
441 -248
776 691
573 401
134 963
91 753
783 -952
120 133
113 -133
923 -655
194 -591
984 527
217 -424
451 -87
105 419
9 14
881 496
643 -334
323 -321
161 439
445 934
77 72
313 72
331 175
625 364
50 91
55 47
959 774
988 -309
990 -241
25 -8
12 19
227 -467
693 578
915 -68
245 442
62 -677
40 -101
4 -35
55 111
397 -491
979 -951
485 308
41 -70
176 -133
317 924
811 -905
599 -282
621 974
357 -961
115 -447
153 -808
24 887
87 35
889 12
59 63
95 -37
247 -124
73 2
47 -138
109 -245
627 959
104 -999
7 192
181 369
75 323
290 -213
383 -874
91 979
394 -89
106 -211
59 -184
438 697
992 689
435 -562
417 -545
17 471
733 -933
387 -211
827 315
91 -17
960 -937
327 -41
759 -739
289 13
53 -249
106 607
674 -979
217 -927
19 -93
377 -168
41 -21
294 169
91 27
575 -698
966 311
29 -779
28 17
165 -196
165 911
487 -438
3 868
415 88
122 11
415 871
161 -113
28 -271
998 225
371 -137
645 -574
424 -3
193 -603
25 -3
31 -25
400 -141
229 283
171 139
189 -314
203 -37
155 -247
80 17
314 191
107 610
29 -209
526 -617
722 393
328 -13
185 52
269 -549
887 822
802 489
194 411
485 -264
216 245
634 -141
4 -47
248 331
107 22
5 -249
779 -809
44 -81
914 -967
701 315
37 -33
56 -15
10 633
237 -290
357 751
127 -667
166 -973
431 -210
851 870
411 -206
77 139
219 137
254 -19
67 169
903 -199
997 906
665 404
764 507
617 -85
973 -222
992 885
30 -17
170 693
342 179
341 -274
940 -323
223 -141
101 -25
272 -565
166 -157
795 533
101 839
128 -263
133 -27
536 -711
901 -128
50 49
199 -43
368 689
167 169
73 -282
565 939
528 -685
422 417
472 -659
269 -627
84 857
787 25
710 -813
297 -844
4 23
239 -202
111 -212
853 36
163 86
782 -859
479 -242
77 80
137 -449
239 -43
114 -31
23 -867
131 168
132 205
33 -65
9 163
135 62
869 -57
235 287
324 -359
511 913
867 -71
184 79
669 -862
139 156
113 655
257 496
280 -873
37 65
142 163
404 153
251 726
209 -235
439 703
216 71
541 472
97 -60
343 -430
37 13
34 -105
259 -428
661 -352
317 -329
673 -628
143 -115
64 -33
359 -73
26 3
883 -926
413 -652
59 689
597 779
239 -66
691 -385
128 -111
841 517
425 707
25 268
21 -502
249 -101
200 33
61 11
744 -241
645 538
15 -32
155 984
407 733
569 63
92 659
271 197
455 171
61 -314
362 -155
655 -99
179 -638
71 64
976 -999
44 -251
439 -10
65 -829
791 -976
336 -221
501 944
592 929
325 162
260 209
115 403
598 -137
720 -43
93 85
46 -519
269 -409
291 667
509 -554
479 -451
172 331
541 -510
25 269
788 799
307 -1000
281 -208
1 -224
137 163
33 -700
324 -311
106 -33
188 -281
981 490
755 946
225 -17
941 583
184 451
72 77
705 367
144 -217
41 23
628 -165
14 -13
447 118
406 -419
519 509
350 107
387 -395
791 629
100 -89
129 262
43 479
973 296
461 484
107 79
391 473
98 -37
992 -467
161 -894
10 -949
64 -805
685 802
57 -610
192 -301
833 -776
250 -889
127 -229
887 369
152 485
497 -957
51 -110
661 652
22 -1
244 -137
283 117
777 268
79 -18
396 1
835 -591
865 -486
634 -89
904 -429
127 -198
224 -69
195 -86
284 -321
755 -884
106 -255
238 307
469 149
381 503
941 66
947 -550
240 -343
89 183
971 -819
29 -138
943 -351
91 -347
69 -52
434 -179
243 -256
598 -81
530 -347
725 693
272 -329
267 -91
844 939
83 -297
73 -122
491 -120
172 -779
79 -65
106 419
977 -161
36 -35
577 -350
941 -82
309 44
418 -785
978 331
20 19
441 815
751 374
566 -985
685 758
17 188
733 -997
892 -337
989 -658
4 9
474 -191
213 -202
367 484
851 768
383 367
604 259
348 -575
441 307
988 -443
103 62
389 -468
143 233
23 26
974 849
893 997
863 -721
151 159
691 -643
69 37
839 -728
657 250
27 -161
993 751
7 230
341 219
665 663
115 192
805 4
347 -28
393 968
229 -106
578 -297
48 -23
199 176
43 272
87 62
255 559
853 -304
209 802
1000 -541
21 1
950 669
156 163
211 -285
597 -284
459 217
323 470
280 -303
118 73
365 11
109 216
595 -419
695 -959
862 -735
961 -858
945 -67
73 74
418 225
37 190
311 886
286 515
755 -99
349 -893
799 469
265 -894
150 173
47 -57
958 965
3 973
120 413
168 61
53 -744
905 -342
224 277
443 445
448 51
249 559
148 553
271 210
944 643
125 -24
171 527
115 -628
634 203
487 940
130 -217
4 -29
736 -973
123 34
360 -449
844 -127
406 929
43 -217
395 -213
613 -798
917 -359
91 184
151 71
667 -999
262 -923
690 -109
14 1
722 67
91 944
377 -214
773 799
560 -103
809 40
950 213
273 97
186 47
845 -722
10 107
411 623
274 -797
187 241
295 142
245 306
10 -17
650 703
906 -107
103 993
935 203
298 289
257 -255
965 -171
239 -530
979 -543
346 -215
41 -12
295 -117
565 -661
341 -336
282 307
257 -328
733 505
215 -93
6 11
977 -47
209 42
253 359
147 -305
513 -218
764 -325
341 919
212 -25
243 316
701 -606
733 330
833 890
341 -261
32 829
928 599
388 -531
77 241
381 -497
589 -235
44 -29
117 538
41 -36
971 603
599 747
721 -493
681 137
445 532
608 -603
279 -98
4 -125
31 708
877 845
625 -994
851 -709
684 -473
83 -94
167 -100
27 170
49 -477
5 -8
601 458
11 129
861 625
56 67
704 -843
136 131
504 727
105 -101
432 -229
214 -61
577 -144
519 514
905 999
769 -929
352 639
90 163
46 -187
47 124
186 -275
35 -148
627 910
261 134
265 362
106 481
347 -558
523 694
637 113
619 -908
157 -429
641 713
842 785
58 421
288 -821
504 31
423 -314
122 -329
121 61
89 184
23 57
166 997
364 -207
78 -209
943 857
140 291
555 704
400 -363
229 -21
420 883
325 7
271 -913
316 51
432 -461
915 688
157 -47
73 -119
461 568
858 773
304 121
529 -501
711 446
619 -8
439 -362
8 -155
425 28
104 55
817 -740
13 943
453 -274
526 651
800 -537
571 -140
549 28
160 -937
505 -726
714 739
757 -36
808 -247
953 -384
23 76
5 -24
217 -709
197 -299
101 -659
779 -357
376 45
818 127
29 -17
592 -395
403 822
434 61
863 -452
163 856
214 -989
53 -243
414 -121
214 89
164 29
386 -263
175 41
153 -848
253 -39
17 150
57 -52
32 -21
13 -233
471 -985
174 -307
201 92
145 -584
941 -25
857 -914
56 -5
25 -63
304 277
697 -642
107 -173
117 -23
671 -565
235 -367
23 216
37 460
506 901
27 364
692 883
76 103
56 -139
439 -265
353 260
679 535
53 -270
279 -916
305 -14
43 63
821 -202
983 -710
950 799
791 638
707 549
757 985
873 44
123 -139
217 -215
767 -63
74 131
829 132
565 -504
177 -536
589 -884
239 -457
127 -892
22 -183
137 8
580 -861
487 669
561 271
741 -194
565 -257
59 66
353 214
77 -100
502 19
358 -423
328 -271
3 -70
584 297
248 -863
731 -264
961 -445
131 -716
40 -237
976 -335
285 607
903 -664
977 -689
541 -716
16 119
144 -113
94 3
75 -8
254 417
307 649
67 -577
230 187
789 -632
98 47
783 539
39 38
17 200
826 731
195 -173
724 -839
969 881
134 789
727 903
459 182
674 783
214 -937
127 270
70 211
69 -116
339 -278
92 -581
446 -139
927 -398
893 -967
109 707
157 -821
493 692
861 407
637 669
765 941
201 -274
581 793
172 361
1 4
428 773
843 -581
43 101
613 -129
968 -787
455 779
144 161
397 632
159 329
589 360
87 -74
92 77
791 346
33 100
403 690
859 -282
473 610
26 51
527 -327
131 -878
55 -119
488 -411
471 10
70 123
451 -857
218 -429
50 -909
785 13
827 68
103 -176
161 -212
76 -207
141 -116
247 58
62 -133
519 -949
113 534
177 229
5 -61
629 52
117 -158
452 -399
125 359
433 -309
501 809
47 68
155 458
468 -161
585 973
304 -669
797 78
449 249
230 -927
586 149
877 -115
829 -22
423 634
919 306
336 -197
126 79
504 -209
119 -921
673 -270
867 542
104 447
579 -697
61 212
129 -181
138 -11
25 -28
218 -339
976 -797
705 -847
101 27
885 589
406 311
204 325
434 657
20 -491
93 -40
151 212
757 -114
14 41
400 -729
141 -460
386 317
450 -299
446 -305
228 -23
923 -628
108 -433
406 -633
353 464
176 301
160 -919
470 -457
48 511
751 -432
10 -417
51 118
239 222
160 -137
962 -323
470 849
974 257
771 -535
65 142
426 -37
845 -322
597 374
626 -105
548 -99
586 261
92 811
28 -141
47 57
159 -241
641 -165
115 -52
241 -362
63 8
584 841
281 -13
152 115
278 -469
53 -447
213 -244
300 359
182 -353
139 56
483 -341
625 943
629 -861
213 962
950 123
392 101
844 869
616 75
644 737
104 141
971 -909
431 449
55 -161
349 591
525 514
250 959
631 768
431 633
120 167
71 -89
589 354
250 137
599 302
127 1
668 747
123 -862
181 29
476 475
428 93
345 481
845 -794
399 368
391 -159
747 404
237 17
597 -215
117 407
344 -699
481 -29
215 213
116 -485
33 -56
329 59
642 517
243 211
736 -917
45 8
884 -463
637 937
121 -179
149 -108
801 668
249 -191
23 -286
195 932
373 -298
23 -31
747 37
33 71
797 687
18 13
74 41
266 15
622 -71
314 -75
195 236
161 -674
601 -86
509 685
700 33
52 -953
183 -380
73 95
763 978
79 111
53 65
271 -245
261 223
887 356
102 235
739 -172
206 893
117 94
563 -960
798 -667
912 973
174 125
783 -595
218 491
844 369
4 -99
117 911
801 -181
625 854
201 961
614 175
743 -991
150 -79
683 -747
173 39
235 -872
945 -641
167 -860
99 218
258 -431
758 -975
14 -15
233 -472
979 -169
130 -201
955 334
837 -1000
351 121
101 89
248 741
516 103
148 97
127 199
371 342
529 -227
67 -475
60 49
997 -835
93 -215
123 -46
14 249
131 49
281 33
961 819
74 -57
4 -175
67 -79
283 177
683 -867
62 669
868 485
792 -739
779 113
154 -15
696 -149
671 817
822 319
348 -61
78 -373
23 90
755 184
872 211
979 466
94 -371
299 186
537 -554
570 -769
67 123
575 -712
65 -19
602 -113
745 407
97 29
947 303
163 -142
197 99
697 -905
823 -56
455 134
320 11
402 17
747 -389
643 295
312 -409
513 497
132 -85
407 140
377 188
246 169
637 -649
885 653
257 -905
813 -718
790 -603
821 -694
719 -391
563 962
37 -38
298 235
683 -618
24 -17
973 783
158 -245
747 796
53 -337
482 123
209 -63
995 -588
136 -315
110 831
12 481
86 -87
2 47
3 -16
920 581
45 -77
961 848
151 -788
161 -709
295 -743
363 289
424 -199
554 683
437 982
162 -731
76 -21
961 756
31 -885
394 -177
152 281
240 289
679 9
961 -985
153 239
369 926
413 -156
143 96
77 116
107 -114
779 406
80 131
529 738
157 -304
17 178
92 -117
162 -749
487 -521
41 -88
443 95
407 472
978 739
114 -163
682 147
26 -941
150 787
55 -19
537 -875
223 177
847 -421
341 87
3 -11
43 66
278 145
274 -443
9 899
741 614
952 151
301 -51
106 119
701 760
739 -94
770 439
422 31
61 229
990 -883
143 472
959 89
441 43
31 44
909 361
150 193
981 -254
256 353
262 357
151 -117
487 -241
447 97
239 -26
57 110
567 128
701 -333
81 38
7 -744
5 -946
245 -377
332 -499
199 -170
71 69
835 138
137 -202
401 224
632 -365
704 -941
773 -336
88 -113
497 857
284 809
741 -451
128 -31
140 367
633 -416
287 465
569 -154
933 -908
304 495
86 -427
617 -864
899 -956
543 380
46 99
966 -193
11 21
886 -515
532 961
213 -500
251 609
411 -94
261 -43
73 89
24 -101
453 161
165 -127
310 173
315 -176
941 118
455 373
705 -133
424 -273
151 146
959 -272
309 -718
408 -217
40 -193
117 83
9 160
406 -313
917 818
621 -53
857 684
296 -941
542 -117
203 -401
86 -913
257 -499
218 -579
197 780
69 88
791 457
41 -643
247 259
837 812
483 5
505 938
47 -32
182 -97
337 703
46 -111
65 2
153 -5
668 -775
163 -38
278 53
281 -849
41 -265
144 23
98 495
7 12
573 358
704 -551
95 -476
244 -35
725 -157
198 67
661 -425
27 -98
368 951
919 -672
248 -243
599 -67
739 269
99 -127
145 492
321 -31
105 -64
46 45
317 -253
18 85
12 409
796 -69
482 -585
667 -842
979 893
201 -200
239 158
877 -616
198 -61
211 319
17 36
415 -186
49 -24
134 927
249 260
63 199
941 852
325 798
397 431
330 437
292 -95
3 -722
91 54
695 -317
46 -107
187 524
341 218
101 58
595 734
612 -841
131 -200
22 783
263 -618
281 -273
233 -743
634 353
432 -245
801 818
107 81
65 -237
839 508
503 302
527 -471
46 53
305 -151
961 -314
404 449
85 -89
693 -547
408 317
689 -619
268 -193
225 953
305 351
21 26
484 -189
27 23
951 278
349 -657
289 126
323 293
53 28
47 16
877 572
38 977
137 139
251 209
586 -501
269 576
280 -429
249 -313
255 479
967 994
194 -31
317 -737
301 -576
53 917
34 -7
461 -493
227 -49
58 251
29 -414
57 -82
283 150
139 -835
189 691
187 -135
251 -474
353 -226
299 294
765 286
267 -11
244 -141
421 -251
876 347
977 987
71 -259
361 -830
151 8
109 15
971 855
33 29
257 186
460 347
499 -425
36 -23
255 149
552 -193
953 -348
55 -278
107 748
625 -744
48 583
982 -43
993 -914
33 20
142 -105
45 56
58 -25
499 -384
270 463
231 478
236 17
51 314
79 127
503 -896
783 -106
91 -82
132 233
877 -650
484 749
141 -44
49 241
11 804
221 690
495 172
839 463
353 41
763 -71
345 241
277 -124
371 -241
877 444
146 -407
920 -363
147 -134
362 483
373 470
291 -577
197 227
931 915
218 287
348 -875
537 929
7 -163
240 389
7 171
211 -363
458 -879
293 149
519 -551
94 373
65 111
188 -279
943 863
135 176
168 613
830 -41
202 -667
62 -77
367 -180
219 -259
71 -72
449 105
621 -101
123 748
93 778
412 187
494 657
3 -23
633 47
923 301
28 309
373 -463
244 461
426 -455
99 -83
610 -283
289 -11
925 479
841 990
102 101
339 -434
523 -914
664 -155
249 -628
438 -937
165 -424
112 -465
482 -245
283 35
379 -624
346 -247
79 59
92 51
282 -533
108 -89
31 -50
241 542
197 -169
207 20
82 257
998 -577
459 -121
22 85
61 121
373 -56
32 -7
833 -53
639 -365
445 -364
331 32
995 202
719 400
179 -568
206 711
196 -423
406 -797
181 184
634 -969
426 673
173 26
114 451
357 -814
224 537
24 241
158 525
997 89
121 -405
839 -305
431 -283
93 896
372 -335
396 -829
744 -895
277 -66
646 -167
707 870
626 -27
264 -661
48 -1
200 -287
87 -11
777 -493
97 178
33 -13
587 -434
60 481
243 38
87 -55
27 154
149 -267
411 -773
513 -754
376 -39
750 799
27 -58
581 -53
11 27
863 26
287 -158
927 949
971 981
754 -987
13 135
853 711
522 737
229 950
677 501
219 217
543 -461
811 -7
150 -7
851 610
406 -279
389 300
927 716
474 997
178 -95
21 437
981 -89
242 -919
362 -899
98 -221
187 84
23 -246
23 -145
183 275
395 404
220 -83
340 281
324 -131
74 59
29 -642
617 -123
992 803
881 513
44 -23
906 379
34 299
929 -467
599 332
11 -419
89 -437
237 -169
678 779
45 7
724 429
161 -51
347 585
422 -477
535 266
537 875
547 -969
656 343
495 -929
178 27
185 869
407 453
44 -213
170 -253
97 -125
101 6
326 -207
243 -205
127 81
5 -949
33 455
667 -370
37 517
393 233
3 -76
689 405
527 188
250 -543
525 947
694 713
91 166
829 557
134 -623
67 -43
43 -20
9 22
271 -155
206 -683
341 684
422 725
7 -24
220 -461
499 471
691 278
158 -101
448 -143
445 109
875 -542
293 112
237 107
357 -746
560 -181
317 -190
7 -37
530 801
557 889
226 -927
177 452
779 441
160 -113
854 617
977 51
85 101
69 11
681 964
725 267
151 20
97 -580
979 -19
825 368
11 -19
562 -489
136 -139
503 -450
879 -482
809 -106
65 -419
557 465
415 921
817 257
181 -19
105 -71
169 19
6 17
414 589
765 967
34 11
604 981
97 -162
920 347
361 -227
832 705
67 -33
353 -135
685 669
199 -464
329 83
73 833
9 -983
489 259
109 149
464 -65
287 940
886 637
923 -665
165 236
452 -297
968 -387
346 281
391 -15
901 -399
206 57
620 -473
319 -244
127 112
921 641
951 -68
225 -374
215 116
98 -439
20 -27
329 886
833 -739
128 111
359 219
677 -33
73 39
927 406
467 105
691 465
166 -293
755 202
42 -23
238 -841
814 175
861 -430
52 -531
254 59
382 391
13 43
879 -559
43 -282
476 143
89 142
439 -101
15 -364
37 149
136 -31
564 -439
409 -711
331 -143
36 -131
385 193
164 -167
699 730
257 738
577 690
616 247
30 -97
374 257
259 150
170 -53
25 -13
763 -992
542 499
37 2
361 -410
138 421
882 -563
359 713
932 763
443 424
257 -290
344 -83
947 -744
431 -445
139 121
489 -604
412 345
121 -362
163 87
163 21
47 -407
355 -783
230 -83
201 262
841 984
69 -76
365 494
29 70
61 890
465 -166
988 35
54 31
463 -96
173 -423
221 -124
874 577
551 539
175 113
300 -427
689 -7
90 -161
64 441
205 -463
371 617
176 791
189 251
451 -221
317 40
219 199
733 -895
261 -55
27 131
339 -244
787 -637
27 65
169 337
477 -163
366 323
829 -696
463 -813
52 -7
165 -184
59 103
459 -902
605 -758
9 -835
463 441
773 379
226 -209
75 29
226 203
989 226
70 69
281 -240
18 -295
567 158
964 471
198 -85
57 -127
169 -464
193 269
244 -771
461 134
179 59
960 -709
453 -20
270 719
360 341
381 356
673 -427
171 164
504 547
44 325
303 -26
809 -384
199 883
258 649
143 -304
408 125
65 -577
103 117
274 333
111 -953
692 -905
127 -11
383 -91
775 -749
715 -73
151 -483
299 41
5 312
604 43
8 41
155 -322
466 899
24 -19
555 128
318 59
481 378
135 -28
773 -148
179 -256
401 659
728 697
531 14
130 -87
45 436
17 37
117 -79
443 -276
8 -25
392 -871
43 243
913 544
244 9
40 109
769 -368
419 -203
928 -741
901 505
848 439
497 131
59 -212
563 3
423 17
3 4
221 686
404 55
555 656
67 -996
79 878
31 -695
565 -27
121 630
253 478
127 -485
402 -211
643 679
519 364
304 -309
653 835
385 492
83 462
649 -371
1 -810
432 505
307 -379
731 863
441 341
923 -408
60 229
169 740
679 -671
181 -79
613 539
954 89
90 733
318 209
747 -298
751 104
365 213
959 -559
341 617
875 -996
17 -603
547 644
821 -252
757 918
242 -477
41 93
551 -911
103 109
357 319
611 647
431 264
824 -707
851 -618
331 -203
477 -722
24 563
972 989
175 132
706 65
831 -784
325 391
709 -622
37 -743
188 -139
413 932
941 -329
683 46
189 422
675 -379
37 -465
221 -756
440 -291
207 -209
207 -295
832 33
86 893
449 -348
135 58
56 -93
748 135
765 211
965 -86
308 -453
729 880
145 527
95 192
229 -468
95 56
261 559
77 81
1 28
206 497
966 829
193 -311
415 -827
587 -908
977 644
251 279
527 536
46 223
74 15
315 -493
990 109
29 -7
633 634
876 541
308 551
915 113
49 -54
880 -461
330 -47
129 499
247 -435
312 -391
187 -338
34 95
755 -134
173 -347
882 -583
537 101
185 88
109 17
849 440
47 -93
341 422
992 489
941 -300
770 59
424 789
103 348
71 103
247 -206
758 591
17 13
909 323
421 -708
861 377
139 -180
142 101
135 -553
745 -512
214 -151
187 49
627 -370
217 332
73 -14
757 -561
283 221
185 -409
93 185
336 43
79 64
179 255
441 803
481 -739
884 -681
308 -475
465 397
468 -187
716 -503
424 529
281 -234
633 316
640 -39
99 -304
946 -217
162 83
352 -493
245 -237
391 -262
298 371
109 99
4 -611
245 -549
27 59
481 -509
23 72
118 147
137 -584
311 -1
10 -131
534 461
13 -6
331 108
901 -291
877 -406
43 -248
40 -263
86 -219
939 -229
1 -16
67 -64
831 -388
677 -477
855 -227
413 326
28 253
105 89
29 -566
265 -329
347 -799
145 -149
542 503
19 -24
447 -383
865 -511
31 -126
249 256
163 -699
145 296
727 155
341 48
85 376
473 -145
436 -217
138 -173
51 -98
40 43
919 -991
497 246
569 37
35 -624
89 -412
91 179
53 151
679 -325
145 433
393 -997
234 461
842 -823
278 -303
601 36
266 -199
75 -122
61 263
844 21
617 -229
241 87
64 -131
287 -677
646 7
57 -206
741 -134
95 -161
225 -122
118 -837
458 451
547 358
297 829
454 519
25 788
265 -267
81 56
225 764
5 849
387 -181
443 496
523 479
503 509
115 -8
475 -466
27 266
71 61
935 -976
19 88
3 -5
747 -502
371 -208
379 267
31 -314
467 -355
505 -661
63 -59
785 398
419 -731
386 -449
449 -836
479 -392
75 473
897 740
529 -642
890 -907
763 -303
31 287
163 747
471 -148
670 279
169 -457
901 -948
360 -157
639 -598
47 -59
550 413
193 -165
343 111
541 395
10 -633
58 -61
517 -20
310 -469
289 -692
138 -197
313 -598
325 -123
795 -824
343 -632
361 -774
524 967
125 176
59 383
28 -19
649 135
399 -134
73 -451
623 -500
415 -571
443 -560
176 -417
308 -797
259 -341
803 895
51 551
116 575
85 954
649 219
940 677
157 -222
85 -931
359 -488
263 212
571 -577
738 937
300 -107
82 -99
807 434
113 733
976 -375
64 -67
119 67
479 424
61 540
96 245
49 86
271 922
973 723
243 25
239 -342
40 11
760 -531
37 -214
64 335
251 -872
31 -29
215 -59
63 635
263 -907
3 13
781 159
794 987
177 -290
156 449
3 89
535 804
896 -225
19 -498
868 -473
20 327
928 695
613 165
291 -419
389 -411
874 -353
205 224
879 -926
496 437
131 147
925 -383
789 -74
31 625
646 -199
31 159
15 -8
383 -170
456 -203
660 -323
253 873
171 -94
93 -136
513 122
368 -227
241 283
979 853
463 34
39 49
151 -891
616 -493
187 -333
333 -211
17 3
409 146
490 559
609 -842
621 -271
526 793
473 304
26 1
111 466
39 844
365 22
11 36
122 -867
27 70
553 -26
809 134
302 -169
39 -64
918 215
48 433
222 -101
979 -655
55 364
13 6
617 -312
841 485
773 563
226 213
521 713
464 159
817 -871
460 -343
232 927
67 -188
595 -271
311 -139
97 -208
26 -53
655 636
562 -407
2 243
6 115
349 -448
535 -44
37 -28
622 -533
642 -31
241 -154
694 -33
29 379
394 -477
45 323
729 289
90 -143
67 216
780 407
124 163
590 -539
417 826
449 -334
133 -80
73 111
659 -372
345 223
742 89
101 112
527 -422
23 18
368 -703
263 -22
727 -720
293 -658
298 -747
775 -786
227 -86
302 129
317 67
883 -101
168 145
12 433
657 -400
967 517
375 -58
143 -961
706 -537
43 167
109 -284
971 154
421 454
501 -104
979 -706
14 275
773 -769
188 -87
338 287
413 813
552 745
487 86
847 544
135 -673
759 -751
140 97
8 295
536 -649
64 -81
23 -850
203 -47
189 38
190 871
784 881
573 -674
222 241
71 90
23 -457
39 239
622 -405
256 109
685 964
339 475
923 404
247 -102
902 175
263 531
204 -899
757 -175
873 -308
973 416
395 -136
70 -179
508 -27
879 866
705 -38
943 -818
559 655
275 -93
414 77
697 -650
63 191
118 -107
19 48
48 247
74 47
601 4
90 -271
493 -108
795 466
11 -690
237 190
965 136
691 892
111 133
261 -808
73 -236
461 649
699 -916
189 470
281 -221
32 207
105 38
47 -3
946 443
59 -89
123 950
434 641
573 -976
85 -21
171 -221
893 550
108 -613
643 -866
920 677
127 -624
173 948
256 -493
958 453
179 169
437 -427
602 -423
709 701
710 861
891 -155
866 365
108 -245
644 -113
10 639
113 -73
51 -80
121 -343
739 -677
957 938
999 610
550 553
130 -191
103 -90
35 339
98 795
277 -500
991 -482
64 47
79 -61
883 -223
473 -689
33 -25
368 -779
850 -283
378 353
314 265
389 -292
293 410
455 293
405 892
134 435
313 113
457 -454
11 -5
509 -654
784 5
329 -786
242 219
298 331
949 360
138 211
418 427
342 275
844 -49
303 -886
104 53
184 -21
728 139
55 274
143 206
534 281
74 -35
347 -404
549 -554
651 -146
425 -522
179 52
67 -998
41 -37
131 276
41 295
514 679
386 -399
471 655
587 -714
643 -627
212 375
688 803
481 -59
157 -267
472 285
279 -320
163 63
621 419
358 -101
21 -661
544 175
589 -823
263 -823
333 25
719 254
62 41
25 63
509 421
547 -380
47 281
181 -156
736 -431
392 -825
463 -805
508 751
117 926
576 565
393 -389
431 383
103 184
61 -131
29 927
260 259
701 391
93 203
759 622
487 701
632 209
949 -914
43 106
73 -70
167 -172
259 -297
755 -98
624 941
193 43
819 -88
587 -429
956 -555
106 -229
509 776
251 -408
253 402
134 -441
83 89
398 409
56 53
813 406
479 450
1 23
123 -103
123 -293
57 -728
43 -7
365 143
55 -27
884 673
645 -463
41 -57
442 -433
271 -940
221 -797
666 -391
39 317
451 196
859 -762
56 131
276 263
429 -536
215 447
161 -74
413 -50
291 238
453 -202
213 -554
243 -209
599 812
273 -467
389 -448
379 -214
972 793
154 5
172 -101
611 58
59 51
657 866
491 10
7 -239
833 106
796 -423
10 -123
181 125
184 -665
535 -444
95 123
103 -350
94 -25
555 544
560 403
319 98
47 156
781 -335
14 697
43 897
688 965
901 423
161 -236
40 -33
965 106
95 -116
919 768
238 383
223 -321
179 104
490 -351
26 -3
869 -269
418 85
59 -88
284 63
452 21
609 124
135 841
673 -759
465 -617
843 -617
240 -401
547 356
758 -359
766 -293
1 -956
77 -856
35 101
390 -869
87 -317
896 -109
50 819
267 -293
277 344
279 -100
111 532
573 155
47 -254
102 -145
143 -31
109 163
9 889
98 -55
466 161
91 887
337 -736
880 327
241 -258
324 553
116 -759
205 6
921 -212
436 49
485 24
941 115
43 146
36 25
62 111
149 416
416 297
801 548
153 -203
503 -201
301 -39
347 -423
790 767
632 -989
496 305
683 -94
593 544
212 285
998 3
557 454
664 91
86 -125
518 81
24 19
223 -325
289 927
757 789
154 -267
28 87
483 -94
482 247
825 -887
113 -334
4 13
397 541
645 -658
554 -153
527 -108
387 482
921 -164
95 -184
881 -818
559 433
653 917
6 -55
373 -762
805 -377
103 211
591 -860
23 197
911 706
211 50
144 -305
345 -112
113 -169
992 -33
785 -554
838 611
13 19
383 921
117 -110
63 -89
537 718
119 -339
935 674
117 190
178 929
505 337
185 -248
119 -327
238 -617
295 3
749 -457
640 839
217 -920
49 -940
25 -34
369 -49
223 201
14 -965
963 508
229 791
403 684
471 -268
987 827
419 399
615 761
52 -163
14 5
45 -529
436 431
213 -916
991 -349
536 921
66 -19
955 756
703 174
368 -793
477 922
389 45
802 -189
97 34
825 434
27 578
592 -473
318 -251
956 411
965 -161
983 -625
406 -571
127 195
431 -401
256 -401
852 179
46 821
869 824
661 563
440 47
818 -467
940 -339
433 -39
901 793
123 227
973 465
658 225
273 -682
634 -871
281 -144
476 -601
812 507
273 -610
31 -58
46 -581
130 -159
232 -469
951 676
122 583
906 -143
186 173
909 -10
926 425
321 832
837 -353
943 -329
953 452
15 259
33 -95
763 -202
263 270
843 -410
331 -403
158 -591
308 267
470 451
66 -131
203 -164
165 -487
707 842
453 790
245 556
59 279
209 -289
229 160
167 28
439 430
397 493
392 -899
179 -792
269 228
997 123
309 223
737 885
95 -129
457 210
151 358
833 678
70 -821
947 608
129 -503
454 -187
286 181
250 47
151 -391
331 -16
727 -688
605 -61
497 -799
10 23
85 -213
323 39
379 650
477 284
38 59
40 957
67 -494
102 49
23 -45
359 128
715 -348
104 -11
503 -118
702 181
709 107
821 -697
992 -271
719 -643
769 348
551 -185
73 -444
158 787
99 -157
899 -759
455 -82
888 -683
69 -110
220 113
87 4
491 28
2 31
499 -485
45 -28
247 -438
10 -9
836 79
205 -1
769 -50
526 -385
205 814
73 50
235 -189
218 225
579 383
297 337
963 -61
292 85
485 282
1 174
139 40
307 490
74 -73
325 -46
334 913
41 645
59 150
122 17
103 -88
619 -826
417 -154
25 -1
114 85
113 -109
503 314
393 428
179 452
815 542
791 -970
18 221
8 -15
322 -61
772 11
324 -583
919 414
953 -146
234 -757
138 -875
844 -21
783 668
634 455
838 -231
127 623
245 339
879 -331
557 -5
83 -130
299 -94
171 -148
318 -17
628 183
89 -63
299 -681
3 104
265 -607
59 -92
981 -455
831 374
112 51
368 841
67 -2
265 -214
714 -653
129 -16
463 759
86 -105
10 73
613 -599
13 268
970 809
743 668
170 297
279 181
626 -899
383 66
281 393
628 933
194 -805
543 -928
29 -497
242 -761
377 -150
289 827
27 -53
27 -7
269 -253
937 -138
301 48
61 49
448 227
69 -269
969 -877
610 -827
46 67
205 581
163 203
89 -316
389 -7
755 766
637 449
415 -223
275 294
101 -240
47 926
254 -69
499 964
287 131
39 112
660 -661
715 334
7 -9
979 438
111 -127
35 397
620 -613
259 502
670 -501
257 -272
565 -82
67 110
37 -35
890 -507
352 107
335 906
345 371
821 -866
253 -375
18 245
321 398
66 961
18 29
220 -221
107 64
359 -348
412 -915
74 13
28 -55
531 -71
163 185
934 -579
493 788
57 35
398 -3
853 47
465 -274
73 -124
67 -931
755 -672
153 -331
61 -980
902 -645
347 52
507 544
742 -517
63 -55
26 5
767 75
271 -718
856 941
22 -161
386 273
37 144
353 647
236 63
75 -281
957 -86
279 -400
289 -146
159 -337
107 407
889 -746
77 216
847 -103
143 424
727 -218
13 -394
101 -663
73 577
234 367
156 233
227 -420
19 9
361 -400
869 993
779 872
353 213
87 113
761 424
376 -143
974 -581
446 -229
224 3
603 545
314 957
163 58
3 29
433 447
895 -468
879 -847
901 615
53 -34
297 178
83 445
62 77
170 -101
249 776
313 -181
486 49
897 -697
229 29
163 130
365 912
549 256
259 375
122 -19
859 990
885 2
59 -452
941 468
1 -593
426 695
17 222
291 671
109 -291
57 -334
586 383
747 -806
691 -650
133 674
842 -55
601 939
327 -197
807 484
914 637
130 551
678 -319
108 -35
870 59
87 124
16 777
459 -565
122 725
11 -894
894 -569
79 -165
989 -65
42 109
823 -276
122 -43
963 -19
273 184
207 250
773 -72
141 247
430 267
469 248
311 921
136 -379
416 73
936 -11
111 122
216 -901
401 -170
17 899
703 48
371 -120
998 -613
471 491
698 471
471 466
64 271
561 -329
19 43
66 883
433 121
807 310
745 -871
53 -224
11 -2
911 673
127 241
170 -49
657 -641
329 -162
214 7
551 548
362 227
281 -191
829 -346
332 -159
141 146
105 -158
204 313
51 322
401 -94
92 171
771 124
275 111
179 -241
342 89
31 -92
27 -8
357 929
403 947
47 -233
35 37
164 335
250 -863
629 -927
334 209
519 -25
55 -34
245 162
337 413
275 509
725 -983
623 848
177 869
257 288
476 1
867 866
51 -92
170 -191
310 827
385 -414
173 62
109 221
110 69
82 51
487 170
568 -687
393 -253
119 165
161 -219
107 298
496 -679
395 428
23 2
599 -823
13 4
221 44
661 -438
610 -161
305 689
139 -154
461 112
543 -17
138 889
154 -405
464 427
997 -246
56 83
61 -819
804 -461
24 -317
243 -259
175 691
365 877
821 -277
687 -970
457 -48
233 195
53 -240
43 -59
751 588
903 -230
244 -111
164 -381
157 -459
267 50
48 -749
269 85
851 -707
703 -699
205 -288
199 -200
895 -501
171 -479
205 -81
406 -241
598 -825
607 -165
374 403
326 -215
194 -81
757 -10
209 246
61 78
71 34
157 640
239 -94
886 749
660 -239
295 -129
89 896
281 283
421 -382
225 173
14 267
244 -5
956 567
209 708
540 341
473 -399
211 -208
217 -659
763 486
522 341
277 82
958 -493
967 -543
589 284
1 -45
396 923
849 115
37 139
92 65
211 -876
347 568
373 967
923 -25
433 249
469 64
245 -206
405 -902
474 -683
863 292
34 61
747 -643
487 202
303 892
827 774
163 -983
314 873
88 -203
442 33
14 -323
57 215
248 -115
446 733
661 -873
203 419
178 335
363 793
775 -476
493 750
827 829
256 -153
346 -109
355 -176
20 499
44 -417
313 -111
806 695
496 583
91 -235
461 -242
808 -483
229 127
155 -373
577 216
46 17
235 -211
341 600
30 -47
14 891
113 -224
272 -197
31 229
392 -365
997 -935
77 89
205 89
110 -827
443 604
174 853
217 -207
777 -562
615 274
67 158
849 35
11 31
455 279
309 992
885 -361
271 14
913 182
515 -451
404 919
7 -12
866 659
341 -482
547 -897
108 -79
64 35
171 -254
336 -41
737 640
989 -376
417 778
234 -67
974 -455
311 -744
158 501
356 -451
826 339
231 67
828 307
211 133
37 242
984 -391
517 -951
695 -507
116 -51
410 -793
299 -526
131 193
258 -401
346 217
165 -347
430 -163
19 -12
445 -644
689 -479
277 397
305 -364
349 80
620 721
174 743
32 221
575 -741
261 -179
263 276
571 -109
361 -191
538 881
211 -395
383 -291
977 162
367 -383
823 -268
691 367
217 212
293 -47
892 33
182 607
729 137
519 823
793 -123
453 -241
97 -939
295 -879
520 -691
291 -698
185 -197
59 -916
23 -136
883 917
197 -986
136 -29
640 -91
321 -67
401 -355
25 -168
293 891
476 -869
157 57
997 735
33 -52
250 509
452 -385
679 766
601 101
235 223
19 166
340 339
787 37
444 -785
324 -73
157 24
13 8
169 154
518 215
479 -900
22 37
503 -827
415 -98
613 703
737 577
423 7
832 23
235 489
410 289
60 -13
543 -85
253 -195
43 436
26 33
90 -149
744 -347
313 713
715 122
199 -57
915 -28
367 369
69 238
729 628
370 -487
5 -9
272 111
499 82
196 -489
151 -296
351 223
320 -239
48 131
156 911
51 202
358 -313
92 49
3 17
564 -299
110 -97
98 117
78 -235
374 849
532 -375
997 -172
11 124
700 107
469 -949
557 -333
287 -208
697 -166
619 -896
762 275
553 297
247 458
615 872
33 118
142 67
318 -691
733 271
55 117
491 794
149 130
648 -239
19 -284
17 -27
246 43
148 -257
272 83
89 -203
133 -564
813 622
218 121
378 631
71 -38
443 -307
445 136
473 -980
109 336
478 -973
802 179
105 -163
75 -128
205 -182
194 -131
171 -47
169 573
45 -82
911 853
63 62
66 -311
271 -227
449 683
199 -145
221 -334
212 153
809 596
35 -79
12 -199
715 524
82 107
593 -446
608 -25
364 -293
387 -338
387 367
1 29
161 -153
491 898
63 -800
867 505
341 284
127 9
56 -765
859 31
394 -583
929 -901
874 27
371 703
149 -121
78 -229
15 7
465 -454
887 -962
788 -279
216 629
864 -797
299 24
192 -737
32 91
61 -12
283 243
221 -75
441 19
146 741
523 -280
794 -471
45 -14
449 -279
710 679
160 549
989 752
556 159
391 -191
344 799
227 441
339 337
8 19
351 691
961 644
778 611
919 874
886 361
69 -362
121 829
391 377
424 -35
132 -239
978 11
994 333
669 394
611 -878
183 -706
254 -217
257 -751
121 -58
223 -260
106 -237
563 835
23 -249
121 92
150 331
959 -636
832 51
479 -93
229 -357
439 926
67 424
985 -6
819 -608
213 -134
652 -287
129 512
319 -78
553 -688
296 125
381 -229
713 712
656 371
245 -326
391 186
197 282
257 929
525 778
39 -35
82 -481
314 189
30 37
937 -214
121 -338
576 401
400 -257
355 56
112 15
304 829
31 38
485 -484
247 464
325 826
49 60
164 247
343 754
41 -29
417 587
211 -690
26 -83
143 -421
485 796
389 -962
764 -365
71 -221
269 -19
173 154
110 51
229 701
865 417
443 31
917 -751
367 107
288 547
163 -7
797 -25
395 67
123 -271
29 626
51 -481
29 28
391 -349
629 144
758 -363
83 -81
192 197
606 809
109 -94
56 101
543 827
995 -758
461 -91
269 282
595 471
97 323
593 -808
394 -649
137 -725
327 487
123 -818
475 203
3 -244
309 -977
122 -191
202 -47
33 31
22 -267
349 613
109 794
221 -339
53 70
595 573
706 185
268 -751
347 66
530 -129
373 -258
299 716
979 -807
8 -473
254 517
125 -6
183 769
542 -677
235 -328
85 -31
81 464
28 93
370 -427
420 -173
13 106
69 -398
416 -185
745 -376
83 -300
547 -843
179 -339
349 -546
162 197
741 -785
498 -295
264 -119
26 71
627 824
823 -121
178 379
834 -547
39 -646
157 237
281 -251
27 722
281 -497
356 157
215 287
83 -346
56 -209
823 -691
125 -8
74 567
317 -28
829 893
743 766
117 -293
14 -137
772 839
99 614
875 684
211 -490
34 55
280 -69
46 -197
157 8
241 -12
71 750
853 -665
789 -428
997 606
31 -480
877 -973
48 331
104 97
105 -377
887 758
66 -23
386 265
126 -829
459 455
127 -5
576 -581
131 -37
43 247
245 114
224 121
11 5
499 -52
227 -906
759 791
181 -239
919 -744
879 484
129 770
97 460
139 -11
85 -132
289 -246
851 -758
68 19
473 -536
956 75
53 134
997 27
331 69
51 -13
999 -262
87 52
180 937
374 65
772 -717
144 -737
575 249
162 145
