100
-118 -336
805 -841
-64 -821
-858 -412
-720 -588
608 -380
335 -360
-65 -856
-88 -28
416 -209
-265 -860
420 269
-319 -802
124 -108
-115 -108
-538 -60
701 404
172 -350
-473 249
208 633
329 -987
-916 -344
-164 -509
-830 557
-118 -29
227 876
-331 981
107 -56
168 -345
487 -40
5 -314
-115 -818
-287 791
-713 -883
-51 129
-437 990
797 -586
-756 -234
651 -115
-592 357
218 -935
-232 -36
739 -482
-973 398
-677 -935
-924 949
642 -905
122 136
440 -556
522 223
917 590
-81 936
-29 -64
-694 -316
765 -53
-569 150
135 676
812 751
-581 750
507 164
140 -190
239 40
35 289
802 945
319 998
-367 -990
168 -380
-421 -538
-503 40
-886 -380
-482 -769
442 -248
124 501
460 191
-443 -829
-514 753
-283 801
811 194
33 -420
-180 -89
-490 -564
82 646
-978 927
960 334
969 -691
525 511
813 -344
260 568
-543 914
905 775
-652 -523
651 545
-414 -903
677 -592
-96 -646
93 202
40 520
309 -882
408 899
123 -242
