999999999
1000000000 999999999000000000
1000000000: 2 2 2 2 2 2 2 2 2 5 5 5 5 5 5 5 5 5 
999999999000000000: 2 2 2 2 2 2 2 2 2 3 3 3 3 5 5 5 5 5 5 5 5 5 37 333667 
1000000002 333333333666666666
1000000002: 2 3 43 983 3943 
333333333666666666: 2 3 3 3 3 37 43 983 3943 333667 
1000000008 111111111888888888
1000000008: 2 2 2 3 3 7 109 109 167 
111111111888888888: 2 2 2 3 3 3 3 7 37 109 109 167 333667 
1000000026 37037037962962962
1000000026: 2 3 3 3 23 805153 
37037037962962962: 2 3 3 3 3 23 37 333667 805153 
1000000036 27027027972972972
1000000036: 2 2 7 7 7 37 19699 
27027027972972972: 2 2 3 3 3 3 7 7 7 37 19699 333667 
1000000080 12345679987654320
1000000080: 2 2 2 2 3 3 3 3 5 154321 
12345679987654320: 2 2 2 2 3 3 3 3 5 37 154321 333667 
1000000110 9009009990990990
1000000110: 2 3 5 37 163 5527 
9009009990990990: 2 3 3 3 3 5 37 163 5527 333667 
1000000242 4115227329218106
1000000242: 2 3 3 3 3 1063 5807 
4115227329218106: 2 3 3 3 37 1063 5807 333667 
1000000332 3003003996996996
1000000332: 2 2 3 3 37 41 18311 
3003003996996996: 2 2 3 3 3 3 37 41 18311 333667 
1000000728 1371743109739368
1000000728: 2 2 2 3 3 3 3 31 67 743 
1371743109739368: 2 2 2 3 3 31 37 67 743 333667 
1000000998 1001001998998998
1000000998: 2 3 3 3 37 500501 
1001001998998998: 2 3 3 3 3 37 333667 500501 
1000001368 730461188458728
1000001368: 2 2 2 37 3378383 
730461188458728: 2 2 2 3 3 3 3 333667 3378383 
1000002186 457248369913122
1000002186: 2 3 3 3 3 17 19 29 659 
457248369913122: 2 3 17 19 29 37 659 333667 
1000002996 333667999666332
1000002996: 2 2 3 3 3 3 37 83417 
333667999666332: 2 2 3 3 3 3 37 83417 333667 
1000004106 243487729486242
1000004106: 2 3 37 53 84991 
243487729486242: 2 3 3 3 3 53 84991 333667 
1000006560 152416789971040
1000006560: 2 2 2 2 2 3 3 3 3 5 7 73 151 
152416789971040: 2 2 2 2 2 5 7 37 73 151 333667 
1000008990 111223333222110
1000008990: 2 3 3 3 3 5 37 61 547 
111223333222110: 2 3 3 3 5 37 61 547 333667 
1000012320 81163243162080
1000012320: 2 2 2 2 2 3 3 5 37 137 137 
81163243162080: 2 2 2 2 2 3 3 3 3 5 137 137 333667 
1000026972 37075111074036
1000026972: 2 2 3 3 3 3 7 17 37 701 
37075111074036: 2 2 3 3 7 17 37 701 333667 
1000036962 27055081054026
1000036962: 2 3 3 3 37 500519 
27055081054026: 2 3 3 3 3 333667 500519 
1000080918 12359037024678
1000080918: 2 3 3 3 3 37 166847 
12359037024678: 2 3 37 166847 333667 
1000110888 9019027018008
1000110888: 2 2 2 3 3 3 3 7 37 59 101 
9019027018008: 2 2 2 3 3 3 3 7 59 101 333667 
1000242756 4120345674892
1000242756: 2 2 3 3 3 3 37 83437 
4120345674892: 2 2 37 83437 333667 
1000332666 3007009006002
1000332666: 2 3 3 3 3 17 37 9817 
3007009006002: 2 3 3 3 17 9817 333667 
1000333666 2997999997002
1000333666: 2 1499 333667 
2997999997002: 2 3 3 3 3 37 1499 333667 
1000998000 1003003002000
1000998000: 2 2 2 2 3 3 3 3 5 5 5 37 167 
1003003002000: 2 2 2 2 3 3 5 5 5 167 333667 
1001001000 999999999000
1001001000: 2 2 2 3 5 5 5 333667 
999999999000: 2 2 2 3 3 3 3 5 5 5 37 333667 
1002994002 335001000666
1002994002: 2 3 3 3 3 19 37 8807 
335001000666: 2 3 19 8807 333667 
1003003002 333999999666
1003003002: 2 3 3 167 333667 
333999999666: 2 3 3 3 3 37 167 333667 
1008982008 112333666888
1008982008: 2 2 2 3 3 3 3 37 42083 
112333666888: 2 2 2 42083 333667 
1009009008 111999999888
1009009008: 2 2 2 2 3 3 3 7 333667 
111999999888: 2 2 2 2 3 3 3 3 7 37 333667 
1012345678 81999999918
1012345678: 2 37 41 333667 
81999999918: 2 3 3 3 3 37 41 333667 
1027027026 37999999962
1027027026: 2 3 3 3 3 19 333667 
37999999962: 2 3 3 3 3 19 37 333667 
1037037036 27999999972
1037037036: 2 2 3 7 37 333667 
27999999972: 2 2 3 3 3 3 7 37 333667 
1081081080 13333333320
1081081080: 2 2 2 3 3 3 3 5 333667 
13333333320: 2 2 2 3 3 3 5 37 333667 
1111111110 9999999990
1111111110: 2 3 3 5 37 333667 
9999999990: 2 3 3 3 3 5 37 333667 
1243243242 5111111106
1243243242: 2 3 3 3 3 23 333667 
5111111106: 2 3 3 23 37 333667 
1333333332 3999999996
1333333332: 2 2 3 3 3 37 333667 
3999999996: 2 2 3 3 3 3 37 333667 
1456790122 3189189186
1456790122: 2 37 59 333667 
3189189186: 2 3 3 3 3 59 333667 
1729729728 2370370368
1729729728: 2 2 2 2 2 2 3 3 3 3 333667 
2370370368: 2 2 2 2 2 2 3 37 333667 
1999999998 1999999998
1999999998: 2 3 3 3 3 37 333667 
1999999998: 2 3 3 3 3 37 333667 
