32
93 44 97 54 2 54 58 50 65 82 49 18 22 97 28 71 94 22 15 96 73 34 34 91 71 59 18 98 99 68 53 35 54 63 87 80 17 23 48 91 23 22 36 68 32 26 33 68 7 59 70 73 40 16 73 63 0 74 66 58 1 49 10 4 47 97 91 67 59 77 46 58 98 35 20 62 38 81 95 52 28 21 25 65 66 15 85 32 68 3 69 62 43 36 52 13 61 9 40 22 72 64 68 34 8 91 47 68 28 93 6 92 91 12 76 28 56 38 27 2 58 32 72 99 60 34 36 70 53 83 38 8 12 93 7 88 77 68 87 33 12 99 66 69 92 6 44 1 37 67 91 2 98 90 90 17 53 75 99 71 1 45 57 31 15 94 81 58 50 71 89 91 51 40 80 6 58 38 14 33 44 16 3 70 10 46 87 89 33 75 64 35 43 60 66 48 44 56 71 23 14 6 22 53 79 6 54 95 26 42 63 69 98 75 10 19 36 51 77 34 7 58 52 89 6 68 25 71 63 45 35 82 42 71 63 36 15 70 47 50 64 15 36 17 29 74 43 83 86 64 45 43 78 55 43 31 21 19 91 18 31 19 20 75 57 15 88 99 97 24 45 83 52 94 89 87 17 99 30 1 46 94 60 74 15 57 35 75 12 50 25 90 50 43 18 28 63 63 25 34 8 42 45 22 91 24 74 92 45 17 66 57 57 49 15 65 76 10 32 1 97 43 10 78 95 11 44 13 45 65 31 12 41 76 94 7 21 94 52 37 13 77 75 3 38 91 62 3 3 16 62 80 42 23 2 45 16 45 64 83 64 94 79 7 44 7 79 94 81 12 60 84 49 31 32 22 52 23 16 64 24 28 5 44 62 72 91 47 82 8 86 61 74 95 29 38 25 85 12 90 69 78 81 97 71 18 68 42 0 29 62 19 30 32 61 69 27 96 55 70 46 36 48 78 91 53 12 51 90 24 42 6 60 1 34 35 9 81 49 67 53 93 16 23 67 29 70 58 26 94 76 24 76 39 53 92 39 1 24 3 11 29 47 87 55 73 64 35 93 0 81 54 23 23 79 41 93 3 69 13 23 53 44 31 98 36 33 71 59 70 62 23 76 90 66 52 59 63 58 13 38 87 80 35 27 36 70 11 25 30 5 62 43 44 25 89 50 99 48 28 28 61 35 16 78 22 3 73
0.0 0.0 0.6666666666666666 0.16666666666666666 0.16666666666666666
0.0 0.18181818181818182 0.2727272727272727 0.45454545454545453 0.09090909090909091
0.4 0.0 0.2 0.3 0.1
0.0 0.25 0.375 0.3125 0.0625
0.2857142857142857 0.23809523809523808 0.3333333333333333 0.09523809523809523 0.047619047619047616
0.42857142857142855 0.0 0.09523809523809523 0.42857142857142855 0.047619047619047616
0.0 0.2727272727272727 0.09090909090909091 0.5454545454545454 0.09090909090909091
0.3 0.3 0.2 0.16666666666666666 0.03333333333333333
0.35294117647058826 0.058823529411764705 0.17647058823529413 0.35294117647058826 0.058823529411764705
0.42857142857142855 0.0 0.2857142857142857 0.23809523809523808 0.047619047619047616
0.0 0.1875 0.1875 0.5625 0.0625
0.20689655172413793 0.3103448275862069 0.1724137931034483 0.27586206896551724 0.034482758620689655
0.1 0.25 0.3 0.3 0.05
0.045454545454545456 0.3181818181818182 0.22727272727272727 0.36363636363636365 0.045454545454545456
0.5454545454545454 0.0 0.09090909090909091 0.2727272727272727 0.09090909090909091
0.0 0.45 0.1 0.4 0.05
0.4375 0.25 0.1875 0.0625 0.0625
0.11764705882352941 0.23529411764705882 0.17647058823529413 0.4117647058823529 0.058823529411764705
0.0625 0.25 0.5625 0.0625 0.0625
0.17391304347826086 0.30434782608695654 0.17391304347826086 0.30434782608695654 0.043478260869565216
0.1111111111111111 0.0 0.2222222222222222 0.5555555555555556 0.1111111111111111
0.0 0.16666666666666666 0.5 0.16666666666666666 0.16666666666666666
0.47058823529411764 0.17647058823529413 0.23529411764705882 0.058823529411764705 0.058823529411764705
0.5333333333333333 0.2 0.13333333333333333 0.06666666666666667 0.06666666666666667
0.23076923076923078 0.07692307692307693 0.46153846153846156 0.15384615384615385 0.07692307692307693
0.45 0.3 0.15 0.05 0.05
0.2916666666666667 0.375 0.20833333333333334 0.08333333333333333 0.041666666666666664
0.3125 0.0 0.125 0.5 0.0625
0.0 0.3888888888888889 0.2777777777777778 0.2777777777777778 0.05555555555555555
0.2 0.1 0.1 0.5 0.1
0.07142857142857142 0.5714285714285714 0.07142857142857142 0.21428571428571427 0.07142857142857142
0.25 0.25 0.25 0.21875 0.03125
0.25 0.375 0.16666666666666666 0.16666666666666666 0.041666666666666664
0.3 0.26666666666666666 0.1 0.3 0.03333333333333333
0.3333333333333333 0.09523809523809523 0.23809523809523808 0.2857142857142857 0.047619047619047616
0.5 0.0 0.16666666666666666 0.25 0.08333333333333333
0.0 0.4375 0.3125 0.1875 0.0625
0.2916666666666667 0.375 0.125 0.16666666666666666 0.041666666666666664
0.22727272727272727 0.045454545454545456 0.2727272727272727 0.4090909090909091 0.045454545454545456
0.25 0.2916666666666667 0.041666666666666664 0.375 0.041666666666666664
0.2222222222222222 0.3333333333333333 0.2222222222222222 0.1111111111111111 0.1111111111111111
0.25806451612903225 0.2903225806451613 0.12903225806451613 0.2903225806451613 0.03225806451612903
0.22580645161290322 0.25806451612903225 0.1935483870967742 0.2903225806451613 0.03225806451612903
0.22580645161290322 0.22580645161290322 0.25806451612903225 0.25806451612903225 0.03225806451612903
0.42857142857142855 0.0 0.14285714285714285 0.38095238095238093 0.047619047619047616
0.0 0.2222222222222222 0.3333333333333333 0.3888888888888889 0.05555555555555555
0.3157894736842105 0.42105263157894735 0.05263157894736842 0.15789473684210525 0.05263157894736842
0.2857142857142857 0.03571428571428571 0.32142857142857145 0.32142857142857145 0.03571428571428571
0.17647058823529413 0.058823529411764705 0.4117647058823529 0.29411764705882354 0.058823529411764705
0.125 0.125 0.5625 0.125 0.0625
0.21052631578947367 0.47368421052631576 0.10526315789473684 0.15789473684210525 0.05263157894736842
0.2222222222222222 0.1111111111111111 0.4444444444444444 0.16666666666666666 0.05555555555555555
0.35 0.15 0.25 0.2 0.05
0.07692307692307693 0.38461538461538464 0.23076923076923078 0.23076923076923078 0.07692307692307693
0.3125 0.0 0.1875 0.4375 0.0625
0.0 0.4375 0.0625 0.4375 0.0625
0.23076923076923078 0.38461538461538464 0.15384615384615385 0.15384615384615385 0.07692307692307693
0.3157894736842105 0.10526315789473684 0.2631578947368421 0.2631578947368421 0.05263157894736842
0.043478260869565216 0.391304347826087 0.2608695652173913 0.2608695652173913 0.043478260869565216
0.11764705882352941 0.23529411764705882 0.058823529411764705 0.5294117647058824 0.058823529411764705
0.16666666666666666 0.16666666666666666 0.2777777777777778 0.3333333333333333 0.05555555555555555
0.3333333333333333 0.1111111111111111 0.3333333333333333 0.16666666666666666 0.05555555555555555
0.2777777777777778 0.3888888888888889 0.16666666666666666 0.1111111111111111 0.05555555555555555
0.28 0.32 0.28 0.08 0.04
0.16666666666666666 0.2916666666666667 0.375 0.125 0.041666666666666664
0.3333333333333333 0.0 0.3888888888888889 0.2222222222222222 0.05555555555555555
0.0 0.25 0.5 0.1875 0.0625
0.047619047619047616 0.14285714285714285 0.38095238095238093 0.38095238095238093 0.047619047619047616
0.21428571428571427 0.2857142857142857 0.17857142857142858 0.2857142857142857 0.03571428571428571
0.391304347826087 0.08695652173913043 0.13043478260869565 0.34782608695652173 0.043478260869565216
0.045454545454545456 0.2727272727272727 0.4090909090909091 0.22727272727272727 0.045454545454545456
0.23529411764705882 0.17647058823529413 0.47058823529411764 0.058823529411764705 0.058823529411764705
0.2 0.4666666666666667 0.2 0.06666666666666667 0.06666666666666667
0.23809523809523808 0.38095238095238093 0.09523809523809523 0.23809523809523808 0.047619047619047616
0.35294117647058826 0.11764705882352941 0.29411764705882354 0.17647058823529413 0.058823529411764705
0.18181818181818182 0.13636363636363635 0.2727272727272727 0.36363636363636365 0.045454545454545456
0.3684210526315789 0.05263157894736842 0.47368421052631576 0.05263157894736842 0.05263157894736842
0.75 0.0 0.08333333333333333 0.08333333333333333 0.08333333333333333
0.0 0.2222222222222222 0.3888888888888889 0.3333333333333333 0.05555555555555555
0.19047619047619047 0.14285714285714285 0.2857142857142857 0.3333333333333333 0.047619047619047616
0.32 0.04 0.28 0.32 0.04
0.2 0.2 0.2 0.2 0.2
0.10714285714285714 0.32142857142857145 0.2857142857142857 0.25 0.03571428571428571
0.2857142857142857 0.25 0.10714285714285714 0.32142857142857145 0.03571428571428571
0.28 0.32 0.24 0.12 0.04
0.25 0.08333333333333333 0.08333333333333333 0.5 0.08333333333333333
0.391304347826087 0.17391304347826086 0.13043478260869565 0.2608695652173913 0.043478260869565216
0.16666666666666666 0.05555555555555555 0.2777777777777778 0.4444444444444444 0.05555555555555555
0.05263157894736842 0.15789473684210525 0.2631578947368421 0.47368421052631576 0.05263157894736842
0.08333333333333333 0.3333333333333333 0.25 0.25 0.08333333333333333
0.2962962962962963 0.0 0.3333333333333333 0.3333333333333333 0.037037037037037035
0.0 0.4117647058823529 0.29411764705882354 0.23529411764705882 0.058823529411764705
0.2777777777777778 0.1111111111111111 0.3333333333333333 0.2222222222222222 0.05555555555555555
0.14814814814814814 0.18518518518518517 0.3333333333333333 0.2962962962962963 0.037037037037037035
0.16666666666666666 0.1111111111111111 0.4444444444444444 0.2222222222222222 0.05555555555555555
0.22727272727272727 0.09090909090909091 0.36363636363636365 0.2727272727272727 0.045454545454545456
0.08333333333333333 0.25 0.375 0.25 0.041666666666666664
0.15789473684210525 0.21052631578947367 0.10526315789473684 0.47368421052631576 0.05263157894736842
0.35 0.3 0.2 0.1 0.05
0.375 0.3333333333333333 0.08333333333333333 0.16666666666666666 0.041666666666666664
0.3684210526315789 0.05263157894736842 0.05263157894736842 0.47368421052631576 0.05263157894736842
0.21052631578947367 0.15789473684210525 0.3684210526315789 0.21052631578947367 0.05263157894736842
0.42105263157894735 0.2631578947368421 0.05263157894736842 0.21052631578947367 0.05263157894736842
0.26666666666666666 0.06666666666666667 0.13333333333333333 0.4666666666666667 0.06666666666666667
0.38461538461538464 0.0 0.15384615384615385 0.38461538461538464 0.07692307692307693
0.0 0.6363636363636364 0.18181818181818182 0.09090909090909091 0.09090909090909091
0.3157894736842105 0.15789473684210525 0.42105263157894735 0.05263157894736842 0.05263157894736842
0.15384615384615385 0.15384615384615385 0.34615384615384615 0.3076923076923077 0.038461538461538464
0.2608695652173913 0.21739130434782608 0.08695652173913043 0.391304347826087 0.043478260869565216
0.14285714285714285 0.42857142857142855 0.19047619047619047 0.19047619047619047 0.047619047619047616
0.4090909090909091 0.2727272727272727 0.22727272727272727 0.045454545454545456 0.045454545454545456
0.07692307692307693 0.15384615384615385 0.6153846153846154 0.07692307692307693 0.07692307692307693
0.2222222222222222 0.14814814814814814 0.2962962962962963 0.2962962962962963 0.037037037037037035
0.5625 0.1875 0.0625 0.125 0.0625
0.14285714285714285 0.32142857142857145 0.25 0.25 0.03571428571428571
0.3076923076923077 0.34615384615384615 0.07692307692307693 0.23076923076923078 0.038461538461538464
0.25925925925925924 0.07407407407407407 0.2962962962962963 0.3333333333333333 0.037037037037037035
0.42857142857142855 0.3333333333333333 0.14285714285714285 0.047619047619047616 0.047619047619047616
0.11764705882352941 0.058823529411764705 0.47058823529411764 0.29411764705882354 0.058823529411764705
0.1 0.0 0.4 0.45 0.05
0.0 0.4117647058823529 0.23529411764705882 0.29411764705882354 0.058823529411764705
0.2903225806451613 0.2903225806451613 0.25806451612903225 0.12903225806451613 0.03225806451612903
0.4 0.3 0.2 0.05 0.05
0.26666666666666666 0.13333333333333333 0.13333333333333333 0.4 0.06666666666666667
0.25 0.375 0.25 0.0625 0.0625
0.23529411764705882 0.2647058823529412 0.2647058823529412 0.20588235294117646 0.029411764705882353
0.32 0.36 0.08 0.2 0.04
0.30434782608695654 0.2608695652173913 0.08695652173913043 0.30434782608695654 0.043478260869565216
0.36 0.24 0.24 0.12 0.04
0.29411764705882354 0.29411764705882354 0.11764705882352941 0.23529411764705882 0.058823529411764705
0.043478260869565216 0.2608695652173913 0.2608695652173913 0.391304347826087 0.043478260869565216
0.36363636363636365 0.4090909090909091 0.13636363636363635 0.045454545454545456 0.045454545454545456
0.23809523809523808 0.09523809523809523 0.2857142857142857 0.3333333333333333 0.047619047619047616
0.05555555555555555 0.4444444444444444 0.16666666666666666 0.2777777777777778 0.05555555555555555
0.16 0.2 0.32 0.28 0.04
0.29411764705882354 0.0 0.23529411764705882 0.4117647058823529 0.058823529411764705
0.0 0.2 0.13333333333333333 0.6 0.06666666666666667
0.391304347826087 0.21739130434782608 0.2608695652173913 0.08695652173913043 0.043478260869565216
0.10526315789473684 0.3157894736842105 0.2631578947368421 0.2631578947368421 0.05263157894736842
0.30434782608695654 0.13043478260869565 0.21739130434782608 0.30434782608695654 0.043478260869565216
0.4666666666666667 0.13333333333333333 0.2 0.13333333333333333 0.06666666666666667
0.28 0.36 0.2 0.12 0.04
0.125 0.3125 0.375 0.125 0.0625
0.08333333333333333 0.375 0.20833333333333334 0.2916666666666667 0.041666666666666664
0.6 0.1 0.1 0.1 0.1
0.16666666666666666 0.3333333333333333 0.16666666666666666 0.2777777777777778 0.05555555555555555
0.2692307692307692 0.15384615384615385 0.34615384615384615 0.19230769230769232 0.038461538461538464
0.25 0.1875 0.25 0.25 0.0625
0.3 0.15 0.45 0.05 0.05
0.17647058823529413 0.11764705882352941 0.35294117647058826 0.29411764705882354 0.058823529411764705
0.15789473684210525 0.47368421052631576 0.05263157894736842 0.2631578947368421 0.05263157894736842
0.42105263157894735 0.3684210526315789 0.10526315789473684 0.05263157894736842 0.05263157894736842
0.3888888888888889 0.0 0.05555555555555555 0.5 0.05555555555555555
0.0 0.3 0.2 0.4 0.1
0.19230769230769232 0.2692307692307692 0.19230769230769232 0.3076923076923077 0.038461538461538464
0.4375 0.0625 0.0625 0.375 0.0625
0.2631578947368421 0.15789473684210525 0.2631578947368421 0.2631578947368421 0.05263157894736842
0.36363636363636365 0.36363636363636365 0.045454545454545456 0.18181818181818182 0.045454545454545456
0.2777777777777778 0.5 0.05555555555555555 0.1111111111111111 0.05555555555555555
0.05263157894736842 0.3684210526315789 0.47368421052631576 0.05263157894736842 0.05263157894736842
0.25 0.1875 0.4375 0.0625 0.0625
0.18518518518518517 0.25925925925925924 0.2222222222222222 0.2962962962962963 0.037037037037037035
0.07142857142857142 0.21428571428571427 0.14285714285714285 0.5 0.07142857142857142
0.2222222222222222 0.16666666666666666 0.4444444444444444 0.1111111111111111 0.05555555555555555
0.21875 0.25 0.28125 0.21875 0.03125
0.15789473684210525 0.21052631578947367 0.2631578947368421 0.3157894736842105 0.05263157894736842
0.09523809523809523 0.3333333333333333 0.38095238095238093 0.14285714285714285 0.047619047619047616
0.36363636363636365 0.045454545454545456 0.13636363636363635 0.4090909090909091 0.045454545454545456
0.32142857142857145 0.21428571428571427 0.2857142857142857 0.14285714285714285 0.03571428571428571
0.0625 0.4375 0.375 0.0625 0.0625
0.3181818181818182 0.0 0.2727272727272727 0.36363636363636365 0.045454545454545456
0.0 0.25 0.25 0.45 0.05
0.2692307692307692 0.3076923076923077 0.11538461538461539 0.2692307692307692 0.038461538461538464
0.4090909090909091 0.13636363636363635 0.2727272727272727 0.13636363636363635 0.045454545454545456
0.14285714285714285 0.047619047619047616 0.38095238095238093 0.38095238095238093 0.047619047619047616
0.36363636363636365 0.09090909090909091 0.09090909090909091 0.4090909090909091 0.045454545454545456
0.07692307692307693 0.46153846153846156 0.3076923076923077 0.07692307692307693 0.07692307692307693
0.16666666666666666 0.3888888888888889 0.2777777777777778 0.1111111111111111 0.05555555555555555
0.2857142857142857 0.14285714285714285 0.14285714285714285 0.38095238095238093 0.047619047619047616
0.391304347826087 0.391304347826087 0.08695652173913043 0.08695652173913043 0.043478260869565216
0.20833333333333334 0.20833333333333334 0.375 0.16666666666666666 0.041666666666666664
0.23529411764705882 0.35294117647058826 0.23529411764705882 0.11764705882352941 0.058823529411764705
0.045454545454545456 0.2727272727272727 0.22727272727272727 0.4090909090909091 0.045454545454545456
0.045454545454545456 0.4090909090909091 0.3181818181818182 0.18181818181818182 0.045454545454545456
0.35 0.2 0.3 0.1 0.05
0.23529411764705882 0.4117647058823529 0.17647058823529413 0.11764705882352941 0.058823529411764705
0.28125 0.21875 0.28125 0.1875 0.03125
0.38461538461538464 0.07692307692307693 0.07692307692307693 0.38461538461538464 0.07692307692307693
0.3125 0.1875 0.0625 0.375 0.0625
0.07142857142857142 0.0 0.35714285714285715 0.5 0.07142857142857142
0.0 0.3888888888888889 0.3333333333333333 0.2222222222222222 0.05555555555555555
0.17391304347826086 0.391304347826087 0.2608695652173913 0.13043478260869565 0.043478260869565216
0.14285714285714285 0.23809523809523808 0.2857142857142857 0.2857142857142857 0.047619047619047616
0.12903225806451613 0.2903225806451613 0.2903225806451613 0.25806451612903225 0.03225806451612903
0.42857142857142855 0.14285714285714285 0.14285714285714285 0.23809523809523808 0.047619047619047616
0.5 0.25 0.125 0.0625 0.0625
0.35294117647058826 0.29411764705882354 0.17647058823529413 0.11764705882352941 0.058823529411764705
0.21739130434782608 0.2608695652173913 0.30434782608695654 0.17391304347826086 0.043478260869565216
0.13333333333333333 0.3 0.26666666666666666 0.26666666666666666 0.03333333333333333
0.5 0.2857142857142857 0.07142857142857142 0.07142857142857142 0.07142857142857142
0.24242424242424243 0.24242424242424243 0.24242424242424243 0.24242424242424243 0.030303030303030304
0.3333333333333333 0.19047619047619047 0.23809523809523808 0.19047619047619047 0.047619047619047616
0.19047619047619047 0.19047619047619047 0.3333333333333333 0.23809523809523808 0.047619047619047616
0.22727272727272727 0.2727272727272727 0.045454545454545456 0.4090909090909091 0.045454545454545456
0.19230769230769232 0.34615384615384615 0.2692307692307692 0.15384615384615385 0.038461538461538464
0.5333333333333333 0.06666666666666667 0.26666666666666666 0.06666666666666667 0.06666666666666667
0.21428571428571427 0.2857142857142857 0.32142857142857145 0.14285714285714285 0.03571428571428571
0.041666666666666664 0.20833333333333334 0.375 0.3333333333333333 0.041666666666666664
0.3333333333333333 0.06666666666666667 0.3333333333333333 0.2 0.06666666666666667
0.05263157894736842 0.0 0.42105263157894735 0.47368421052631576 0.05263157894736842
0.0 0.5 0.14285714285714285 0.2857142857142857 0.07142857142857142
0.3076923076923077 0.2692307692307692 0.23076923076923078 0.15384615384615385 0.038461538461538464
0.2 0.13333333333333333 0.13333333333333333 0.4666666666666667 0.06666666666666667
0.4444444444444444 0.05555555555555555 0.3888888888888889 0.05555555555555555 0.05555555555555555
0.09523809523809523 0.23809523809523808 0.2857142857142857 0.3333333333333333 0.047619047619047616
0.1724137931034483 0.3103448275862069 0.27586206896551724 0.20689655172413793 0.034482758620689655
0.2413793103448276 0.1724137931034483 0.27586206896551724 0.27586206896551724 0.034482758620689655
0.26666666666666666 0.3 0.23333333333333334 0.16666666666666666 0.03333333333333333
0.38461538461538464 0.38461538461538464 0.07692307692307693 0.07692307692307693 0.07692307692307693
0.043478260869565216 0.30434782608695654 0.34782608695652173 0.2608695652173913 0.043478260869565216
0.08333333333333333 0.16666666666666666 0.08333333333333333 0.5833333333333334 0.08333333333333333
0.14814814814814814 0.2962962962962963 0.2222222222222222 0.2962962962962963 0.037037037037037035
0.1875 0.375 0.125 0.25 0.0625
0.32142857142857145 0.21428571428571427 0.21428571428571427 0.21428571428571427 0.03571428571428571
0.23529411764705882 0.17647058823529413 0.11764705882352941 0.4117647058823529 0.058823529411764705
0.25 0.3125 0.3125 0.0625 0.0625
0.29411764705882354 0.23529411764705882 0.23529411764705882 0.17647058823529413 0.058823529411764705
0.1875 0.5 0.0625 0.1875 0.0625
0.4 0.2 0.2 0.13333333333333333 0.06666666666666667
0.08333333333333333 0.25 0.2916666666666667 0.3333333333333333 0.041666666666666664
0.4090909090909091 0.0 0.4090909090909091 0.13636363636363635 0.045454545454545456
0.0 0.35 0.45 0.15 0.05
0.047619047619047616 0.14285714285714285 0.38095238095238093 0.38095238095238093 0.047619047619047616
0.32 0.16 0.16 0.32 0.04
0.045454545454545456 0.3181818181818182 0.2727272727272727 0.3181818181818182 0.045454545454545456
0.5294117647058824 0.23529411764705882 0.11764705882352941 0.058823529411764705 0.058823529411764705
0.2857142857142857 0.21428571428571427 0.14285714285714285 0.2857142857142857 0.07142857142857142
0.21428571428571427 0.14285714285714285 0.2857142857142857 0.2857142857142857 0.07142857142857142
0.3181818181818182 0.045454545454545456 0.2727272727272727 0.3181818181818182 0.045454545454545456
0.1 0.3 0.4 0.15 0.05
0.21739130434782608 0.30434782608695654 0.34782608695652173 0.08695652173913043 0.043478260869565216
0.09090909090909091 0.45454545454545453 0.09090909090909091 0.2727272727272727 0.09090909090909091
0.19047619047619047 0.3333333333333333 0.19047619047619047 0.23809523809523808 0.047619047619047616
0.05 0.45 0.35 0.1 0.05
0.17647058823529413 0.11764705882352941 0.17647058823529413 0.47058823529411764 0.058823529411764705
0.08 0.28 0.36 0.24 0.04
0.28125 0.25 0.15625 0.28125 0.03125
0.06666666666666667 0.13333333333333333 0.26666666666666666 0.4666666666666667 0.06666666666666667
0.16666666666666666 0.1111111111111111 0.2222222222222222 0.4444444444444444 0.05555555555555555
0.2 0.1 0.4 0.2 0.1
0.22727272727272727 0.2727272727272727 0.09090909090909091 0.36363636363636365 0.045454545454545456
0.25 0.05 0.25 0.4 0.05
0.125 0.0 0.375 0.375 0.125
0.0 0.391304347826087 0.391304347826087 0.17391304347826086 0.043478260869565216
0.375 0.16666666666666666 0.3333333333333333 0.08333333333333333 0.041666666666666664
0.391304347826087 0.2608695652173913 0.21739130434782608 0.08695652173913043 0.043478260869565216
0.2 0.3 0.2 0.2 0.1
0.3333333333333333 0.25925925925925924 0.18518518518518517 0.18518518518518517 0.037037037037037035
0.3 0.16666666666666666 0.2 0.3 0.03333333333333333
0.3333333333333333 0.1111111111111111 0.1111111111111111 0.3888888888888889 0.05555555555555555
0.1111111111111111 0.2777777777777778 0.3333333333333333 0.2222222222222222 0.05555555555555555
0.2727272727272727 0.2727272727272727 0.09090909090909091 0.2727272727272727 0.09090909090909091
0.13636363636363635 0.22727272727272727 0.36363636363636365 0.22727272727272727 0.045454545454545456
0.2962962962962963 0.25925925925925924 0.14814814814814814 0.25925925925925924 0.037037037037037035
0.2222222222222222 0.3333333333333333 0.2777777777777778 0.1111111111111111 0.05555555555555555
0.05555555555555555 0.2777777777777778 0.2777777777777778 0.3333333333333333 0.05555555555555555
0.3333333333333333 0.18518518518518517 0.1111111111111111 0.3333333333333333 0.037037037037037035
0.10526315789473684 0.2631578947368421 0.3684210526315789 0.21052631578947367 0.05263157894736842
0.3333333333333333 0.125 0.16666666666666666 0.3333333333333333 0.041666666666666664
0.14285714285714285 0.14285714285714285 0.14285714285714285 0.42857142857142855 0.14285714285714285
0.07142857142857142 0.5714285714285714 0.14285714285714285 0.14285714285714285 0.07142857142857142
0.25 0.2857142857142857 0.21428571428571427 0.21428571428571427 0.03571428571428571
0.11764705882352941 0.23529411764705882 0.11764705882352941 0.47058823529411764 0.058823529411764705
0.32 0.04 0.28 0.32 0.04
0.041666666666666664 0.3333333333333333 0.2916666666666667 0.2916666666666667 0.041666666666666664
0.5833333333333334 0.0 0.25 0.08333333333333333 0.08333333333333333
0.0 0.23076923076923078 0.5384615384615384 0.15384615384615385 0.07692307692307693
0.125 0.08333333333333333 0.375 0.375 0.041666666666666664
0.14814814814814814 0.2222222222222222 0.3333333333333333 0.25925925925925924 0.037037037037037035
0.34782608695652173 0.21739130434782608 0.13043478260869565 0.2608695652173913 0.043478260869565216
0.21428571428571427 0.07142857142857142 0.14285714285714285 0.5 0.07142857142857142
0.21052631578947367 0.21052631578947367 0.10526315789473684 0.42105263157894735 0.05263157894736842
0.2777777777777778 0.05555555555555555 0.3888888888888889 0.2222222222222222 0.05555555555555555
0.18181818181818182 0.24242424242424243 0.2727272727272727 0.2727272727272727 0.030303030303030304
0.4090909090909091 0.18181818181818182 0.22727272727272727 0.13636363636363635 0.045454545454545456
0.125 0.2916666666666667 0.25 0.2916666666666667 0.041666666666666664
0.36363636363636365 0.4090909090909091 0.13636363636363635 0.045454545454545456 0.045454545454545456
0.2222222222222222 0.1111111111111111 0.3333333333333333 0.2777777777777778 0.05555555555555555
0.2916666666666667 0.20833333333333334 0.20833333333333334 0.25 0.041666666666666664
0.2777777777777778 0.2777777777777778 0.16666666666666666 0.2222222222222222 0.05555555555555555
0.3 0.05 0.35 0.25 0.05
0.07692307692307693 0.46153846153846156 0.23076923076923078 0.15384615384615385 0.07692307692307693
0.08333333333333333 0.25 0.375 0.25 0.041666666666666664
0.35 0.35 0.15 0.1 0.05
0.17647058823529413 0.11764705882352941 0.35294117647058826 0.29411764705882354 0.058823529411764705
0.16666666666666666 0.3333333333333333 0.25 0.16666666666666666 0.08333333333333333
0.30434782608695654 0.043478260869565216 0.34782608695652173 0.2608695652173913 0.043478260869565216
0.23529411764705882 0.11764705882352941 0.29411764705882354 0.29411764705882354 0.058823529411764705
0.16666666666666666 0.5 0.1111111111111111 0.16666666666666666 0.05555555555555555
0.3333333333333333 0.0 0.13333333333333333 0.4666666666666667 0.06666666666666667
0.0 0.6153846153846154 0.23076923076923078 0.07692307692307693 0.07692307692307693
0.2857142857142857 0.14285714285714285 0.35714285714285715 0.14285714285714285 0.07142857142857142
0.23529411764705882 0.29411764705882354 0.29411764705882354 0.11764705882352941 0.058823529411764705
0.30434782608695654 0.391304347826087 0.13043478260869565 0.13043478260869565 0.043478260869565216
0.36 0.16 0.36 0.08 0.04
0.32142857142857145 0.21428571428571427 0.32142857142857145 0.10714285714285714 0.03571428571428571
0.25925925925925924 0.18518518518518517 0.2222222222222222 0.2962962962962963 0.037037037037037035
0.23529411764705882 0.29411764705882354 0.058823529411764705 0.35294117647058826 0.058823529411764705
0.05 0.35 0.35 0.2 0.05
0.047619047619047616 0.38095238095238093 0.42857142857142855 0.09523809523809523 0.047619047619047616
0.4166666666666667 0.08333333333333333 0.16666666666666666 0.25 0.08333333333333333
0.375 0.0625 0.1875 0.3125 0.0625
0.2222222222222222 0.2777777777777778 0.2777777777777778 0.16666666666666666 0.05555555555555555
0.3125 0.1875 0.375 0.0625 0.0625
0.2631578947368421 0.47368421052631576 0.05263157894736842 0.15789473684210525 0.05263157894736842
0.36363636363636365 0.045454545454545456 0.13636363636363635 0.4090909090909091 0.045454545454545456
0.2222222222222222 0.1111111111111111 0.3333333333333333 0.2222222222222222 0.1111111111111111
0.375 0.20833333333333334 0.041666666666666664 0.3333333333333333 0.041666666666666664
0.26666666666666666 0.13333333333333333 0.13333333333333333 0.4 0.06666666666666667
0.17647058823529413 0.058823529411764705 0.29411764705882354 0.4117647058823529 0.058823529411764705
0.18181818181818182 0.2727272727272727 0.2727272727272727 0.18181818181818182 0.09090909090909091
0.23076923076923078 0.2692307692307692 0.23076923076923078 0.23076923076923078 0.038461538461538464
0.34615384615384615 0.2692307692307692 0.19230769230769232 0.15384615384615385 0.038461538461538464
0.3076923076923077 0.07692307692307693 0.46153846153846156 0.07692307692307693 0.07692307692307693
0.42105263157894735 0.0 0.21052631578947367 0.3157894736842105 0.05263157894736842
0.0 0.07692307692307693 0.5384615384615384 0.3076923076923077 0.07692307692307693
0.38461538461538464 0.07692307692307693 0.3076923076923077 0.15384615384615385 0.07692307692307693
0.3181818181818182 0.22727272727272727 0.09090909090909091 0.3181818181818182 0.045454545454545456
0.2647058823529412 0.2647058823529412 0.23529411764705882 0.20588235294117646 0.029411764705882353
0.2 0.32 0.08 0.36 0.04
0.3888888888888889 0.2222222222222222 0.2222222222222222 0.1111111111111111 0.05555555555555555
0.3333333333333333 0.1111111111111111 0.05555555555555555 0.4444444444444444 0.05555555555555555
0.4444444444444444 0.2222222222222222 0.1111111111111111 0.16666666666666666 0.05555555555555555
0.2 0.2 0.32 0.24 0.04
0.1111111111111111 0.2222222222222222 0.2962962962962963 0.3333333333333333 0.037037037037037035
0.2857142857142857 0.17857142857142858 0.2857142857142857 0.21428571428571427 0.03571428571428571
0.3103448275862069 0.10344827586206896 0.3103448275862069 0.2413793103448276 0.034482758620689655
0.21428571428571427 0.35714285714285715 0.2857142857142857 0.07142857142857142 0.07142857142857142
0.32 0.24 0.08 0.32 0.04
0.2 0.1 0.4 0.25 0.05
0.4 0.3333333333333333 0.06666666666666667 0.13333333333333333 0.06666666666666667
0.21875 0.25 0.21875 0.28125 0.03125
0.25 0.25 0.125 0.3333333333333333 0.041666666666666664
0.3157894736842105 0.42105263157894735 0.05263157894736842 0.15789473684210525 0.05263157894736842
0.29411764705882354 0.35294117647058826 0.17647058823529413 0.11764705882352941 0.058823529411764705
0.4 0.06666666666666667 0.4 0.06666666666666667 0.06666666666666667
0.3333333333333333 0.2222222222222222 0.16666666666666666 0.2222222222222222 0.05555555555555555
0.47058823529411764 0.058823529411764705 0.35294117647058826 0.058823529411764705 0.058823529411764705
0.09090909090909091 0.18181818181818182 0.09090909090909091 0.5454545454545454 0.09090909090909091
0.24 0.36 0.32 0.04 0.04
0.5294117647058824 0.0 0.29411764705882354 0.11764705882352941 0.058823529411764705
0.0 0.05 0.45 0.45 0.05
0.2413793103448276 0.27586206896551724 0.27586206896551724 0.1724137931034483 0.034482758620689655
0.2631578947368421 0.05263157894736842 0.21052631578947367 0.42105263157894735 0.05263157894736842
0.19047619047619047 0.3333333333333333 0.19047619047619047 0.23809523809523808 0.047619047619047616
0.19230769230769232 0.19230769230769232 0.34615384615384615 0.23076923076923078 0.038461538461538464
0.3333333333333333 0.16666666666666666 0.2222222222222222 0.2222222222222222 0.05555555555555555
0.2857142857142857 0.047619047619047616 0.38095238095238093 0.23809523809523808 0.047619047619047616
0.037037037037037035 0.3333333333333333 0.2962962962962963 0.2962962962962963 0.037037037037037035
0.28 0.16 0.2 0.32 0.04
0.05 0.25 0.2 0.45 0.05
0.2903225806451613 0.0967741935483871 0.2903225806451613 0.2903225806451613 0.03225806451612903
0.09090909090909091 0.36363636363636365 0.36363636363636365 0.09090909090909091 0.09090909090909091
0.058823529411764705 0.4117647058823529 0.17647058823529413 0.29411764705882354 0.058823529411764705
0.11764705882352941 0.4117647058823529 0.17647058823529413 0.23529411764705882 0.058823529411764705
0.2727272727272727 0.18181818181818182 0.18181818181818182 0.3181818181818182 0.045454545454545456
0.35714285714285715 0.42857142857142855 0.07142857142857142 0.07142857142857142 0.07142857142857142
0.2 0.3 0.2 0.2 0.1
0.08 0.36 0.32 0.2 0.04
0.11764705882352941 0.23529411764705882 0.47058823529411764 0.11764705882352941 0.058823529411764705
0.4444444444444444 0.05555555555555555 0.1111111111111111 0.3333333333333333 0.05555555555555555
0.3181818181818182 0.045454545454545456 0.36363636363636365 0.22727272727272727 0.045454545454545456
0.34782608695652173 0.08695652173913043 0.21739130434782608 0.30434782608695654 0.043478260869565216
0.13636363636363635 0.2727272727272727 0.13636363636363635 0.4090909090909091 0.045454545454545456
0.2413793103448276 0.3103448275862069 0.13793103448275862 0.27586206896551724 0.034482758620689655
0.2857142857142857 0.21428571428571427 0.25 0.21428571428571427 0.03571428571428571
0.22727272727272727 0.22727272727272727 0.22727272727272727 0.2727272727272727 0.045454545454545456
0.21428571428571427 0.0 0.5714285714285714 0.14285714285714285 0.07142857142857142
0.0 0.07692307692307693 0.38461538461538464 0.46153846153846156 0.07692307692307693
0.05263157894736842 0.3157894736842105 0.42105263157894735 0.15789473684210525 0.05263157894736842
0.20833333333333334 0.2916666666666667 0.20833333333333334 0.25 0.041666666666666664
0.10714285714285714 0.32142857142857145 0.21428571428571427 0.32142857142857145 0.03571428571428571
0.09090909090909091 0.22727272727272727 0.3181818181818182 0.3181818181818182 0.045454545454545456
0.28 0.32 0.2 0.16 0.04
0.38461538461538464 0.15384615384615385 0.07692307692307693 0.3076923076923077 0.07692307692307693
0.5 0.16666666666666666 0.05555555555555555 0.2222222222222222 0.05555555555555555
0.2727272727272727 0.18181818181818182 0.18181818181818182 0.3181818181818182 0.045454545454545456
0.24 0.2 0.24 0.28 0.04
0.22727272727272727 0.22727272727272727 0.4090909090909091 0.09090909090909091 0.045454545454545456
0.125 0.5 0.0625 0.25 0.0625
0.4444444444444444 0.1111111111111111 0.16666666666666666 0.2222222222222222 0.05555555555555555
0.2608695652173913 0.21739130434782608 0.13043478260869565 0.34782608695652173 0.043478260869565216
0.3076923076923077 0.23076923076923078 0.2692307692307692 0.15384615384615385 0.038461538461538464
0.18181818181818182 0.24242424242424243 0.2727272727272727 0.2727272727272727 0.030303030303030304
0.32142857142857145 0.21428571428571427 0.32142857142857145 0.10714285714285714 0.03571428571428571
0.24 0.16 0.32 0.24 0.04
0.3 0.26666666666666666 0.1 0.3 0.03333333333333333
0.375 0.20833333333333334 0.20833333333333334 0.16666666666666666 0.041666666666666664
0.047619047619047616 0.38095238095238093 0.42857142857142855 0.09523809523809523 0.047619047619047616
0.16666666666666666 0.1111111111111111 0.16666666666666666 0.5 0.05555555555555555
0.20689655172413793 0.2413793103448276 0.27586206896551724 0.2413793103448276 0.034482758620689655
0.23529411764705882 0.23529411764705882 0.17647058823529413 0.29411764705882354 0.058823529411764705
0.17391304347826086 0.391304347826087 0.13043478260869565 0.2608695652173913 0.043478260869565216
0.2222222222222222 0.1111111111111111 0.1111111111111111 0.5 0.05555555555555555
0.26666666666666666 0.13333333333333333 0.3 0.26666666666666666 0.03333333333333333
0.5833333333333334 0.0 0.08333333333333333 0.25 0.08333333333333333
0.0 0.08333333333333333 0.08333333333333333 0.75 0.08333333333333333
0.25 0.25 0.3333333333333333 0.08333333333333333 0.08333333333333333
0.2222222222222222 0.2222222222222222 0.1111111111111111 0.3333333333333333 0.1111111111111111
0.2222222222222222 0.2962962962962963 0.14814814814814814 0.2962962962962963 0.037037037037037035
0.22727272727272727 0.36363636363636365 0.13636363636363635 0.22727272727272727 0.045454545454545456
0.32142857142857145 0.03571428571428571 0.32142857142857145 0.2857142857142857 0.03571428571428571
0.07692307692307693 0.23076923076923078 0.15384615384615385 0.46153846153846156 0.07692307692307693
0.23529411764705882 0.4117647058823529 0.23529411764705882 0.058823529411764705 0.058823529411764705
0.14285714285714285 0.3333333333333333 0.23809523809523808 0.23809523809523808 0.047619047619047616
0.15384615384615385 0.23076923076923078 0.23076923076923078 0.34615384615384615 0.038461538461538464
0.20833333333333334 0.2916666666666667 0.3333333333333333 0.125 0.041666666666666664
0.12 0.24 0.24 0.36 0.04
0.07692307692307693 0.3076923076923077 0.34615384615384615 0.23076923076923078 0.038461538461538464
0.2857142857142857 0.2857142857142857 0.19047619047619047 0.19047619047619047 0.047619047619047616
0.2 0.45 0.2 0.1 0.05
0.25 0.4 0.25 0.05 0.05
0.16666666666666666 0.2222222222222222 0.4444444444444444 0.1111111111111111 0.05555555555555555
0.5 0.0625 0.125 0.25 0.0625
0.2857142857142857 0.2857142857142857 0.21428571428571427 0.17857142857142858 0.03571428571428571
0.25 0.08333333333333333 0.5 0.08333333333333333 0.08333333333333333
0.2608695652173913 0.17391304347826086 0.21739130434782608 0.30434782608695654 0.043478260869565216
0.34782608695652173 0.391304347826087 0.08695652173913043 0.13043478260869565 0.043478260869565216
0.32142857142857145 0.2857142857142857 0.32142857142857145 0.03571428571428571 0.03571428571428571
0.22727272727272727 0.13636363636363635 0.22727272727272727 0.36363636363636365 0.045454545454545456
0.1875 0.125 0.5 0.125 0.0625
0.18518518518518517 0.3333333333333333 0.2962962962962963 0.14814814814814814 0.037037037037037035
0.09090909090909091 0.13636363636363635 0.3181818181818182 0.4090909090909091 0.045454545454545456
0.3 0.4 0.1 0.15 0.05
0.375 0.0 0.125 0.375 0.125
0.0 0.18181818181818182 0.4090909090909091 0.36363636363636365 0.045454545454545456
0.34782608695652173 0.043478260869565216 0.21739130434782608 0.34782608695652173 0.043478260869565216
0.04 0.24 0.32 0.36 0.04
0.25 0.25 0.2 0.25 0.05
0.05555555555555555 0.16666666666666666 0.3888888888888889 0.3333333333333333 0.05555555555555555
0.45 0.05 0.15 0.3 0.05
0.05555555555555555 0.3888888888888889 0.16666666666666666 0.3333333333333333 0.05555555555555555
0.4 0.15 0.05 0.35 0.05
0.22727272727272727 0.09090909090909091 0.22727272727272727 0.4090909090909091 0.045454545454545456
0.4166666666666667 0.25 0.08333333333333333 0.16666666666666666 0.08333333333333333
0.3157894736842105 0.15789473684210525 0.42105263157894735 0.05263157894736842 0.05263157894736842
0.391304347826087 0.2608695652173913 0.13043478260869565 0.17391304347826086 0.043478260869565216
0.10526315789473684 0.2631578947368421 0.10526315789473684 0.47368421052631576 0.05263157894736842
0.2222222222222222 0.2777777777777778 0.2777777777777778 0.16666666666666666 0.05555555555555555
0.36 0.2 0.12 0.28 0.04
0.28 0.16 0.28 0.24 0.04
0.4444444444444444 0.2222222222222222 0.1111111111111111 0.1111111111111111 0.1111111111111111
0.07142857142857142 0.35714285714285715 0.35714285714285715 0.14285714285714285 0.07142857142857142
0.23529411764705882 0.29411764705882354 0.17647058823529413 0.23529411764705882 0.058823529411764705
0.17391304347826086 0.2608695652173913 0.391304347826087 0.13043478260869565 0.043478260869565216
0.043478260869565216 0.34782608695652173 0.34782608695652173 0.21739130434782608 0.043478260869565216
0.19047619047619047 0.19047619047619047 0.2857142857142857 0.2857142857142857 0.047619047619047616
0.1111111111111111 0.3333333333333333 0.3333333333333333 0.18518518518518517 0.037037037037037035
0.2608695652173913 0.08695652173913043 0.30434782608695654 0.30434782608695654 0.043478260869565216
0.1111111111111111 0.5 0.1111111111111111 0.2222222222222222 0.05555555555555555
0.045454545454545456 0.36363636363636365 0.4090909090909091 0.13636363636363635 0.045454545454545456
0.25 0.3333333333333333 0.041666666666666664 0.3333333333333333 0.041666666666666664
0.28 0.32 0.04 0.32 0.04
0.11764705882352941 0.23529411764705882 0.5294117647058824 0.058823529411764705 0.058823529411764705
0.5294117647058824 0.0 0.35294117647058826 0.058823529411764705 0.058823529411764705
0.0 0.1 0.6 0.2 0.1
0.375 0.2916666666666667 0.125 0.16666666666666666 0.041666666666666664
0.1111111111111111 0.3333333333333333 0.3888888888888889 0.1111111111111111 0.05555555555555555
0.24242424242424243 0.24242424242424243 0.24242424242424243 0.24242424242424243 0.030303030303030304
0.09090909090909091 0.09090909090909091 0.6363636363636364 0.09090909090909091 0.09090909090909091
0.20833333333333334 0.16666666666666666 0.20833333333333334 0.375 0.041666666666666664
0.3076923076923077 0.23076923076923078 0.15384615384615385 0.23076923076923078 0.07692307692307693
0.4666666666666667 0.06666666666666667 0.3333333333333333 0.06666666666666667 0.06666666666666667
0.125 0.375 0.125 0.3333333333333333 0.041666666666666664
0.3333333333333333 0.18518518518518517 0.2222222222222222 0.2222222222222222 0.037037037037037035
0.34615384615384615 0.34615384615384615 0.15384615384615385 0.11538461538461539 0.038461538461538464
0.3103448275862069 0.20689655172413793 0.1724137931034483 0.27586206896551724 0.034482758620689655
0.4444444444444444 0.16666666666666666 0.2777777777777778 0.05555555555555555 0.05555555555555555
0.045454545454545456 0.4090909090909091 0.13636363636363635 0.36363636363636365 0.045454545454545456
0.3333333333333333 0.05555555555555555 0.3333333333333333 0.2222222222222222 0.05555555555555555
0.0625 0.1875 0.5625 0.125 0.0625
0.04 0.2 0.36 0.36 0.04
0.3333333333333333 0.3333333333333333 0.2222222222222222 0.05555555555555555 0.05555555555555555
0.19047619047619047 0.09523809523809523 0.3333333333333333 0.3333333333333333 0.047619047619047616
0.047619047619047616 0.14285714285714285 0.3333333333333333 0.42857142857142855 0.047619047619047616
0.0625 0.125 0.5625 0.1875 0.0625
0.34615384615384615 0.3076923076923077 0.11538461538461539 0.19230769230769232 0.038461538461538464
0.2857142857142857 0.07142857142857142 0.32142857142857145 0.2857142857142857 0.03571428571428571
0.35714285714285715 0.14285714285714285 0.14285714285714285 0.2857142857142857 0.07142857142857142
0.391304347826087 0.08695652173913043 0.08695652173913043 0.391304347826087 0.043478260869565216
0.1111111111111111 0.2777777777777778 0.3888888888888889 0.16666666666666666 0.05555555555555555
0.2222222222222222 0.1111111111111111 0.1111111111111111 0.4444444444444444 0.1111111111111111
0.2727272727272727 0.2727272727272727 0.13636363636363635 0.2727272727272727 0.045454545454545456
0.23076923076923078 0.23076923076923078 0.23076923076923078 0.23076923076923078 0.07692307692307693
0.2 0.32 0.2 0.24 0.04
0.42105263157894735 0.0 0.3684210526315789 0.15789473684210525 0.05263157894736842
0.0 0.8333333333333334 0.0 0.0 0.16666666666666666
0.2222222222222222 0.6666666666666666 0.0 0.0 0.1111111111111111
0.75 0.125 0.0 0.0 0.125
0.2857142857142857 0.6428571428571429 0.0 0.0 0.07142857142857142
0.6923076923076923 0.23076923076923078 0.0 0.0 0.07692307692307693
0.6666666666666666 0.25 0.0 0.0 0.08333333333333333
0.47368421052631576 0.47368421052631576 0.0 0.0 0.05263157894736842
0.4166666666666667 0.5 0.0 0.0 0.08333333333333333
0.6 0.3333333333333333 0.0 0.0 0.06666666666666667
0.2 0.6 0.0 0.0 0.2
0.2222222222222222 0.6666666666666666 0.0 0.0 0.1111111111111111
0.4666666666666667 0.4666666666666667 0.0 0.0 0.06666666666666667
0.3333333333333333 0.5833333333333334 0.0 0.0 0.08333333333333333
0.6428571428571429 0.2857142857142857 0.0 0.0 0.07142857142857142
0.42857142857142855 0.42857142857142855 0.0 0.0 0.14285714285714285
0.2 0.7 0.0 0.0 0.1
0.5333333333333333 0.4 0.0 0.0 0.06666666666666667
0.125 0.75 0.0 0.0 0.125
0.3333333333333333 0.5 0.0 0.0 0.16666666666666666
0.2 0.6 0.0 0.0 0.2
0.4 0.5333333333333333 0.0 0.0 0.06666666666666667
0.16666666666666666 0.6666666666666666 0.0 0.0 0.16666666666666666
0.7 0.2 0.0 0.0 0.1
0.42857142857142855 0.5 0.0 0.0 0.07142857142857142
0.47058823529411764 0.47058823529411764 0.0 0.0 0.058823529411764705
0.375 0.5 0.0 0.0 0.125
0.5294117647058824 0.4117647058823529 0.0 0.0 0.058823529411764705
0.125 0.75 0.0 0.0 0.125
0.625 0.25 0.0 0.0 0.125
0.2222222222222222 0.6666666666666666 0.0 0.0 0.1111111111111111
0.16666666666666666 0.6666666666666666 0.0 0.0 0.16666666666666666
0.9 0.0 0.0 0.0 0.1
