10000
-77 -80
-12 71
45 51
-3 -80
21 -55
-52 63
19 -28
72 -91
-59 94
95 -8
-71 67
0 4
-49 -6
15 -10
29 33
44 -49
58 -78
9 93
-89 7
-61 19
-6 -38
-74 -90
-66 45
-3 60
-93 -56
-81 -10
-8 16
-15 22
39 97
3 -26
-65 60
59 65
12 -43
97 -82
89 55
28 86
98 -21
35 -70
77 -69
86 98
92 74
73 -31
78 -77
31 -95
93 81
94 -2
-6 -73
-29 -90
26 52
66 -3
30 -65
-25 -52
68 -15
-95 21
55 -9
-40 -3
-41 8
-51 86
-48 35
92 58
16 -39
-89 -29
-29 2
16 -92
-46 -59
51 -80
-64 -70
77 -73
13 -9
-51 35
-43 -37
-59 -73
-46 67
100 -67
89 -68
-88 -5
-73 65
-25 -2
-44 -37
-60 25
-4 -71
-84 82
-46 65
-62 -74
-26 -39
-100 -86
32 -43
7 17
58 24
10 -60
-98 73
70 11
-40 44
60 -59
63 86
67 49
-54 -19
6 27
-65 49
11 40
-23 -66
67 -84
88 14
29 -11
27 5
-97 93
78 -40
43 -95
26 62
-61 49
47 98
-70 -89
-6 59
73 92
83 83
-34 -53
77 -75
62 -57
19 22
-16 -68
83 -16
7 78
-74 31
-28 -34
-92 5
18 18
-78 -22
82 -84
81 -50
99 -97
33 -100
-56 86
-19 -49
89 -98
85 -23
12 -53
69 92
-32 -59
-30 -78
-43 -88
-97 83
21 -36
30 -39
38 -83
-63 15
1 0
-19 -6
99 -91
84 81
-22 14
4 86
24 49
77 26
-30 -18
56 -41
-26 7
-1 -26
65 76
-22 -98
43 72
78 60
-25 -61
-78 95
14 -10
68 16
-32 -96
-28 -27
-91 -89
0 74
85 85
54 -82
-7 -41
-76 65
-66 56
-8 -87
-72 -89
99 -95
26 66
-32 9
-83 -40
93 -9
-6 87
-95 -6
65 -26
-50 81
62 -30
-24 -94
92 19
42 -48
-55 -72
-32 -85
27 -73
24 40
43 15
-63 -95
48 38
-65 24
52 74
14 62
54 74
-55 -46
95 74
-23 -14
-29 77
42 28
38 78
-52 -46
-64 42
80 45
-37 -33
-62 72
1 71
11 44
-7 85
-87 7
-68 51
42 -36
28 -100
24 -76
51 -83
-37 -100
-58 77
9 -10
-91 -51
-99 14
12 -16
21 -42
5 4
74 70
48 -84
-35 -37
-40 -18
-69 4
-30 47
45 -70
-70 95
-57 33
5 -30
60 -99
-59 -53
82 -27
44 -99
61 -82
73 36
-57 34
-73 67
87 -76
-89 -23
54 -93
38 -93
-80 47
4 92
27 19
44 5
81 -23
22 77
-77 56
-19 30
81 26
50 75
40 47
42 -18
-54 -39
49 -81
39 39
-82 -91
-64 62
-95 -57
1 -47
-52 46
-50 -66
90 11
-32 64
91 31
67 56
-23 -9
-13 62
-7 -35
-93 -70
-59 -85
-97 -89
84 18
-11 42
-10 52
37 -47
89 -54
29 -18
-96 78
-30 -68
78 -96
-18 96
46 -88
-85 -59
50 -95
-66 -70
-93 -90
-62 84
20 92
41 89
33 -24
-27 -8
12 31
75 29
-42 13
-97 -76
85 -95
-44 16
79 18
63 -68
25 -18
-93 -26
82 69
10 63
8 -33
-67 -99
57 -74
-63 9
-43 -32
-41 -42
-39 -90
27 -2
-79 -17
83 70
7 5
46 -80
-50 64
-56 -33
-73 -14
-51 89
42 31
-53 -75
42 -8
18 -41
-25 42
-58 -83
13 66
14 -73
-26 95
-75 58
-34 -94
92 -47
-30 -21
-46 -24
-46 -76
-2 43
-94 59
17 -60
32 77
13 -40
-22 63
93 0
12 -6
-25 -14
43 93
-70 -96
-49 -69
-13 43
27 -75
-32 53
-99 -4
-30 -86
-82 64
-6 32
71 91
30 75
37 43
29 -9
-12 64
6 -97
-26 74
50 -60
10 -63
27 -77
24 99
-77 -78
-75 -68
-62 35
52 -21
81 -75
47 -33
70 -72
72 -89
57 25
47 -63
36 -31
2 26
-90 -77
-93 73
71 -64
30 -41
52 -91
5 -66
-33 56
47 90
-96 32
-93 -43
1 26
90 6
-61 36
-64 -45
61 -99
-31 68
18 20
18 -79
-81 -37
66 -10
-83 -54
7 75
-6 100
-3 -61
-33 -35
46 50
-70 21
-20 -42
96 79
77 -35
64 22
8 82
70 -94
8 28
51 -37
-53 -14
-47 -79
-13 -52
44 -12
41 18
-74 79
-78 -21
51 92
64 24
7 -49
88 -87
-38 3
25 52
93 92
23 -21
99 0
84 -99
26 43
41 89
61 -93
48 40
-39 33
-22 -34
96 -19
-20 30
-49 81
-75 -34
73 65
10 -30
62 17
85 85
-22 72
98 -16
77 -90
-73 -37
33 1
-13 -12
62 31
-22 -10
82 -34
-9 -40
-33 -53
30 48
-7 -55
-62 -28
47 55
-46 -34
-25 66
-44 -76
-23 4
3 -3
2 27
40 -90
95 -8
-26 16
-91 71
72 -23
84 -6
-100 -93
-33 80
-94 -90
34 -10
27 52
2 81
8 42
-11 -29
27 80
7 -7
-79 28
-36 80
79 9
26 -9
40 -27
-65 -47
52 -83
-63 24
25 13
5 -45
60 -81
34 -6
-47 -27
69 -27
-90 -78
-57 -70
7 13
97 13
60 62
3 -92
36 26
-42 -2
20 75
-20 -5
-71 24
29 93
-34 -62
-56 -6
41 -98
-79 28
73 -26
35 -52
74 -54
-19 -25
-15 100
-19 -52
-45 31
13 -54
-19 -30
-60 -27
60 -87
-32 -71
-32 12
-10 -67
-81 -91
-2 -10
6 74
31 18
85 96
7 -39
-31 86
22 -84
13 51
9 -4
-93 10
97 -75
14 38
-82 96
-4 -16
-44 82
-26 87
-96 -99
-2 35
-7 50
-67 70
6 -13
76 -63
42 45
-71 67
75 -32
68 98
-69 54
78 -100
-26 22
-36 -43
18 39
-70 46
-19 -55
44 -95
31 -24
31 52
-32 68
-29 53
-60 -41
72 -78
96 24
97 90
13 5
23 -100
-33 89
-49 13
68 82
-18 21
-91 91
-25 30
9 -55
11 -70
63 -45
17 92
-68 25
60 -94
43 -97
84 91
-75 55
-83 43
78 -8
32 34
2 73
-16 6
50 4
-89 -53
-1 37
-52 58
0 100
-34 15
-54 -7
56 -80
71 -39
-68 26
83 -54
68 69
-85 -6
56 28
22 -67
52 -93
-49 44
85 7
-21 -50
39 19
8 54
-8 48
35 -71
4 -34
-47 72
-62 -67
-12 42
-14 -45
8 16
84 -47
-34 15
-75 -91
-95 -23
-100 54
97 36
9 87
18 62
4 10
-24 -60
-21 -87
-12 -96
84 40
-11 13
59 47
-16 -96
17 31
0 -92
75 -95
4 26
-100 84
-83 19
-42 75
-54 -74
95 78
-98 -4
-13 -11
73 -8
-98 -3
5 85
68 -4
24 55
65 44
93 39
14 21
86 -72
-88 95
20 84
-94 54
-70 -67
58 10
11 17
15 37
80 30
48 49
53 -42
21 97
-55 -66
38 30
-39 17
-8 -20
70 29
-59 5
-8 -67
-60 -19
-15 -6
36 -98
90 -40
95 16
-64 -62
-54 -60
77 33
16 74
-92 -34
-78 -32
-53 -38
-65 11
21 -39
-14 84
63 -20
51 -11
-55 -29
3 -82
-25 -61
74 72
95 45
21 -36
62 -17
12 87
-93 52
22 -13
68 80
26 44
-73 84
-24 69
78 -92
-52 -97
-32 33
71 53
-67 53
65 -96
-58 59
22 19
-60 -13
91 8
-89 11
-91 -9
-96 -23
-62 25
-3 17
0 -8
42 -49
-33 -47
-40 98
-32 81
-49 -53
19 62
95 -94
49 -17
93 59
28 40
-34 98
-88 6
-87 49
-48 70
-6 36
87 96
-49 100
-27 38
86 -93
-46 -42
23 90
87 -9
25 42
37 84
-31 -26
-20 42
-81 -74
78 55
51 38
-48 56
80 35
-40 -100
-54 84
53 94
-89 -47
20 -29
73 69
-93 -13
-1 -51
-31 -40
14 36
92 66
-1 -58
38 91
-83 50
47 -98
-97 -7
29 49
-78 -20
-17 -55
56 -82
-7 17
23 -28
75 90
2 92
95 63
14 -51
68 -97
66 84
-25 17
39 73
84 59
-19 -21
64 -98
-63 -93
35 -84
-51 -88
72 80
60 -67
2 -50
-8 -70
-38 -99
10 7
-14 -98
-87 53
41 -22
19 52
-64 31
91 -52
74 100
-12 -17
-16 -62
64 -22
-7 -17
-93 -100
40 -28
37 -81
-65 -74
65 23
-24 -85
14 -62
34 16
-51 -59
48 -41
-97 -4
-72 -56
-51 -54
-95 59
13 -17
82 88
35 -13
25 -33
95 -93
-79 69
29 36
-1 34
-33 -45
-37 -61
47 91
87 1
-51 -59
-50 100
45 13
-36 -6
-43 -59
70 -27
7 73
-48 -26
-51 -7
-51 -17
-20 -77
-4 -15
30 17
-15 22
100 66
41 -34
30 80
30 -52
-37 -46
16 68
91 43
-20 95
-92 -35
47 77
52 -54
57 -52
-62 32
36 44
-99 -11
69 14
-93 -42
0 6
-75 76
81 -63
-90 4
-9 74
-36 58
0 -25
-68 -30
-10 -15
4 24
-7 -87
11 74
-81 14
26 -75
92 24
89 12
37 -10
63 -99
52 50
76 24
71 -64
-12 -62
-93 3
100 -82
-45 74
-43 -34
-75 0
11 -81
88 -39
51 61
5 83
-86 28
82 -60
78 12
-88 25
-23 31
2 -69
-85 68
67 -35
97 15
-30 -23
-14 41
-43 96
-9 86
9 -74
-25 -22
42 -90
22 10
-21 35
70 45
45 46
55 3
81 -38
-65 -4
27 73
10 -85
-94 -52
54 12
-73 -68
-30 95
-22 -1
-36 72
-100 67
-32 84
-39 -35
-56 -66
38 25
61 -77
81 -17
94 -85
24 -80
-90 -64
72 90
16 -73
77 9
-54 21
16 -76
-77 -36
21 9
83 27
30 61
-84 13
-36 42
-17 -38
23 46
-5 53
-2 35
10 8
-78 13
64 29
-27 -85
-54 -30
-81 94
82 -3
-12 17
80 50
-44 96
-32 86
40 28
-3 76
-36 61
-22 1
-88 -30
-61 50
93 57
36 34
20 87
-70 54
-34 4
38 92
-24 -31
29 59
-98 -17
-60 29
34 -69
-32 5
37 -80
-35 28
-79 -54
-12 -68
-42 13
-79 -65
26 75
86 91
63 29
3 10
-27 12
-34 -82
-17 67
83 45
95 64
65 -5
-25 -23
55 -71
-93 -30
15 -4
-8 74
-30 -7
-1 86
-76 -5
-57 -54
-31 -80
23 70
25 -47
-51 -62
-2 -5
83 -99
82 38
-84 100
-49 -31
15 56
15 80
-69 -41
-68 73
63 16
72 -28
-15 81
12 95
-18 11
-30 22
82 -10
75 29
-52 19
-33 95
21 10
-28 22
93 17
5 92
-80 62
64 42
63 -59
-86 -28
27 -55
37 38
0 77
-51 98
37 -16
86 -58
54 100
62 51
61 -88
16 -74
79 71
53 -18
-84 72
-92 18
71 -10
68 -95
8 -41
58 -75
71 25
-4 50
-95 21
-7 28
-51 56
-65 -84
-87 -12
79 -83
80 -31
25 59
-14 40
72 -27
-31 16
-39 73
78 66
79 36
-61 61
84 53
-33 70
-79 92
-90 38
51 33
84 -63
-82 89
54 -81
76 -29
57 5
-59 9
-66 77
-92 13
-32 -29
-34 -45
-100 47
-82 -93
-58 -42
6 59
-75 -37
52 -80
-52 83
-4 -76
90 -29
35 -69
3 75
22 20
59 -10
-99 -17
-80 -41
-99 -99
36 -39
-69 -97
-86 91
-18 46
21 -30
-11 58
-1 -29
23 -8
16 -66
-61 -42
50 -14
-34 70
-36 0
81 83
42 -43
17 -72
14 81
-89 -28
43 -9
43 -75
12 -30
84 -90
21 38
83 89
70 10
-53 -24
-73 -90
-59 76
56 6
-12 -68
-54 -50
-10 35
-92 11
-51 15
84 80
-86 -47
97 42
-35 -4
0 28
-84 83
29 77
52 51
-21 -77
-69 29
37 -52
-74 72
-65 2
-33 78
-66 -37
76 -15
59 15
-45 80
-22 -57
-1 29
-46 -31
-76 15
-84 74
62 -20
38 1
81 35
-31 70
74 90
-66 25
-23 -41
13 59
89 65
-13 36
-30 64
-40 -81
-9 -4
60 -56
34 -13
-59 15
32 -73
-7 45
-16 85
17 41
-89 -44
68 -4
-60 14
18 8
1 24
78 -12
13 7
82 -37
-44 25
25 -59
88 -82
94 -62
-19 42
25 -1
20 4
-44 75
-39 -16
79 100
-73 5
46 88
98 -9
25 8
-57 -29
68 -77
-29 97
17 43
19 -36
-19 58
93 -83
-44 -23
83 -94
6 -53
-78 -13
84 -67
-60 71
-45 -40
-94 95
-27 -80
96 39
-74 17
-17 -29
-36 -57
3 -61
91 -53
0 -34
26 -32
18 58
-75 -3
-77 -65
5 23
-8 87
43 -82
-29 33
77 -96
-10 98
89 4
-32 -31
66 -88
53 -43
25 42
98 -70
19 82
53 69
-35 -17
-78 -71
-64 9
65 60
98 77
74 57
-56 73
-24 1
-75 -70
48 9
41 29
4 -14
40 -51
33 74
-93 22
2 -54
-18 -8
37 -35
74 -68
-48 4
-55 -67
83 67
-82 61
-3 41
80 -71
-38 82
-68 62
-64 -75
-83 22
49 8
-43 -52
-49 -10
-31 -97
-97 95
40 60
71 -28
63 73
-38 71
-47 70
97 54
-3 80
-76 -38
-66 -49
73 94
62 91
-67 76
-53 83
79 82
-94 -84
97 -83
-43 64
56 100
-52 -40
-10 20
-62 71
100 -62
-98 55
19 26
81 -99
55 90
42 -23
92 99
-3 63
72 -72
65 53
5 27
-7 -90
52 18
-53 8
38 -50
-72 -96
-85 -3
-78 10
-1 -3
19 65
60 43
-65 -57
68 97
-63 -73
-26 83
18 1
-16 71
-76 22
-96 -37
-50 79
53 -84
-16 68
-68 22
54 -98
31 -11
18 5
89 -63
-7 65
-44 -68
-36 10
41 4
78 93
-23 -6
43 -89
27 -14
-26 71
-84 88
58 36
-57 32
-87 -43
-69 -6
60 -61
87 -98
71 23
97 -9
20 19
44 -65
44 -94
-81 46
-66 -66
22 23
-87 58
-22 52
8 -31
-12 91
-67 -100
86 -10
-96 -52
47 -100
-67 -100
-30 12
74 -53
55 -59
-98 72
83 -59
92 -3
35 -42
-79 -34
-8 98
-26 -56
19 49
-24 -31
92 56
33 -43
10 -71
51 0
-25 -51
29 14
59 98
-73 41
51 57
-77 -64
62 -56
-1 41
7 -89
56 -23
-96 39
-19 -60
45 42
30 53
86 34
75 65
74 27
52 -33
-98 51
10 -5
93 36
-49 -69
-29 85
-53 -10
60 86
41 6
5 -19
-71 15
2 45
35 -76
43 88
79 -9
-71 49
-75 34
44 -48
-69 99
33 -84
55 -19
5 -38
64 5
66 -99
-43 -79
46 57
90 -100
-1 -48
31 -75
-29 27
-78 91
-42 31
49 9
53 32
-20 56
20 -86
-65 49
6 79
18 -24
48 -35
-11 10
83 -7
-40 74
5 8
51 93
81 -90
-53 -2
84 -52
-77 67
-94 -67
38 -10
-54 -7
43 -33
-12 91
11 -60
75 74
-98 -40
-5 68
14 -25
72 -77
-35 84
-87 28
67 35
-60 -54
9 93
-4 -29
35 6
8 83
34 13
10 21
-12 47
40 -78
-18 -23
39 -79
65 34
-10 -78
80 100
98 -52
91 -38
75 -49
63 58
94 25
-43 -45
71 84
-14 -17
98 28
4 81
-9 79
99 69
-48 -1
-40 -35
54 -17
-13 72
64 -40
97 -23
63 75
-35 -6
60 22
-20 -90
45 40
-84 34
95 -50
3 -30
-89 -55
-78 88
2 -11
62 35
-74 89
23 -24
-14 20
9 79
-9 -95
1 41
10 59
62 13
5 -44
67 80
95 72
15 -70
-3 -11
-82 61
9 -14
98 48
-87 -69
-88 25
-92 36
-68 30
-54 -2
24 98
44 -18
52 27
52 -12
-38 1
22 -54
-45 -69
-83 52
53 -34
44 1
-96 92
70 -36
-31 -38
-100 -13
-69 46
-7 -87
22 12
8 31
83 -42
-12 18
-1 -41
-39 35
-53 26
93 89
-80 35
-35 -99
23 79
-52 68
-14 10
-60 -99
-95 -87
-44 90
-30 73
-79 65
-87 76
-14 -10
-51 -27
-35 -1
-29 -75
47 -44
79 -18
98 10
14 34
72 36
41 -63
-24 66
-57 -3
-9 -12
-76 19
62 -78
-2 -69
-47 3
-31 50
-37 27
100 55
14 -16
-79 -15
-81 -59
7 68
40 -87
39 89
-74 40
100 84
0 -17
-76 61
100 91
-1 61
65 -3
65 -87
-47 15
-86 8
43 -27
65 -92
-50 5
41 9
-57 -12
55 -86
-3 80
-96 69
28 67
28 25
-32 84
17 42
22 -56
-48 -92
-57 52
14 32
31 74
-65 26
96 -63
-83 -9
15 88
-26 76
30 67
-7 -92
-75 95
9 87
-12 -17
70 -49
82 4
-27 -32
89 45
-72 -54
-81 -84
98 -49
98 -17
-99 39
-68 24
78 51
-7 -71
46 -80
88 31
-12 -17
80 39
3 -58
-44 27
71 88
-22 -8
-69 17
75 58
35 9
-89 27
-63 52
-34 45
50 -11
56 -74
20 -59
-73 85
-97 79
18 -31
-80 -95
49 11
52 84
16 99
-27 29
94 -13
80 54
-31 -80
-68 39
90 -64
-5 -64
-85 -92
3 81
80 -73
69 -19
-93 22
-79 3
-10 11
46 86
-6 30
-43 5
-59 -96
-94 78
73 -95
92 -27
-3 -36
-6 40
-91 39
-30 37
-80 -98
34 37
-90 17
2 87
90 -59
-32 71
-26 -59
48 -89
50 26
-1 -8
-57 25
43 -68
46 -86
33 67
15 -95
22 57
-82 -15
68 -51
-49 7
61 -95
-58 -63
45 -45
-46 -61
-49 56
21 100
-97 -28
-71 52
-38 -35
48 -66
93 1
19 93
18 -7
45 -87
70 57
2 -30
34 60
-72 79
82 25
-31 -60
31 -53
-93 -46
-90 -13
-9 -90
35 -85
99 -6
-67 89
-50 -89
-11 -18
32 -60
70 94
87 -4
-36 1
68 11
-26 96
41 -79
-91 79
-25 -56
-65 98
-75 -2
-51 -95
-5 29
-43 1
67 27
61 -71
17 -33
10 57
97 43
79 46
14 -72
-72 87
-9 63
-36 52
-77 88
-80 96
-40 78
-5 -3
67 13
-27 30
-16 -29
-39 -16
19 70
53 -92
42 17
-1 98
19 -100
79 -82
93 -96
-46 -67
-23 63
60 92
-91 -81
70 11
98 5
-57 -93
-46 -10
-95 19
7 33
31 -39
-27 -91
-15 22
-76 -38
62 22
78 65
32 23
-66 -45
54 -20
57 86
81 74
100 -82
19 -87
42 71
-10 34
17 -23
40 -81
-76 -1
27 83
83 89
-55 -85
9 39
-68 35
-89 5
61 -80
-32 50
-5 -7
-5 -88
80 95
-98 -11
67 -67
-30 75
-49 48
13 -5
83 -5
25 1
25 -47
-93 61
26 81
-87 36
-80 81
36 20
-7 -62
59 -90
28 0
97 -63
44 96
1 -27
51 -93
-38 78
-21 -16
-79 -52
8 10
-48 -31
66 22
-19 30
79 -4
21 20
-44 -29
-17 13
-37 -93
76 58
94 -35
-93 -4
-8 85
-53 32
-86 -60
91 56
-24 -66
-35 -88
-45 -10
100 -24
75 -31
-21 -63
88 97
73 -39
-96 95
83 -55
-33 -72
-6 32
-91 -68
64 64
97 -67
61 98
6 -16
22 2
-72 57
16 -49
19 75
89 62
53 -96
-18 -39
-69 -9
17 50
-46 19
-61 -1
63 -87
-89 82
59 12
-30 -64
-3 -97
-32 82
5 36
43 -10
26 -28
-2 25
61 -37
49 -27
30 -11
43 8
-59 75
-36 64
9 -11
-23 -9
52 50
33 5
100 -57
89 -10
-7 -99
34 -65
28 67
74 34
-46 -30
27 -68
-80 56
91 -19
97 31
-79 -77
72 56
82 87
-69 -38
-29 46
-62 90
60 -81
-12 -40
69 55
-8 -54
96 9
99 -89
54 -23
-92 12
23 1
-56 -45
12 87
-78 -41
-49 55
-83 94
31 83
15 -53
-37 -83
100 -54
31 27
-33 31
41 -36
-50 63
80 -42
-71 -31
-43 -42
74 -70
-5 84
-13 34
-45 -98
22 -58
71 -91
-1 69
29 -64
68 -85
39 -93
32 89
-35 22
-46 -27
33 27
-16 -45
100 84
91 -27
-58 45
-38 -56
-73 62
-16 55
9 -83
22 -6
-31 78
52 75
80 -38
99 -8
-21 55
98 18
63 34
88 -86
88 -45
-57 -19
-70 -69
83 92
-33 15
98 -57
-99 -44
-68 39
-92 -15
-52 69
82 98
-3 47
-16 -34
39 57
51 -72
-56 98
-78 -5
17 18
60 48
-9 3
6 45
-5 89
6 -22
78 75
-87 71
-11 -30
-63 60
22 83
10 47
97 -51
70 -81
27 -23
37 18
-36 -73
45 -56
-18 -64
72 62
-70 -78
53 13
51 -8
35 37
-28 -70
72 -40
28 41
10 21
-50 -80
-78 42
67 43
-29 67
-79 -33
8 -24
-60 76
-21 -4
60 -4
56 56
2 -71
56 94
-16 -69
51 69
52 55
17 -8
-49 74
-80 -43
-63 75
79 -94
5 22
-7 29
28 -80
18 -99
77 -19
87 -54
86 12
-24 45
-2 9
71 -44
-20 36
-4 -88
-4 -58
51 -11
75 43
71 21
78 -82
-51 78
98 -54
-38 65
-83 -1
35 -60
-31 72
-82 43
21 -34
59 71
-35 82
7 49
-41 -85
24 13
-43 53
-38 18
45 68
-19 -43
-56 76
21 20
-48 92
-77 -47
-66 44
-1 -84
-44 -45
51 -70
-23 60
-3 69
-41 98
-65 11
-76 46
-15 56
-67 75
26 -60
-21 -67
57 -12
-20 -4
4 14
-1 -85
58 -98
-35 81
12 -38
-77 -15
56 -14
-59 14
84 96
-13 77
47 99
-99 99
31 61
65 68
93 29
75 -80
-74 -37
81 -13
96 92
-72 81
-70 63
-36 -75
-25 6
73 -57
29 -1
23 32
98 -41
-59 -14
-89 36
-2 -73
3 70
91 -77
53 38
-76 -61
-70 66
-8 -100
32 -44
68 -17
10 -4
-96 -92
44 60
-71 -79
-84 55
70 -57
60 -79
29 11
-29 -28
2 -98
-42 -76
4 -83
-57 -77
-71 -99
66 -1
95 -8
54 -39
-42 -84
28 58
-60 61
-60 -16
-58 -59
39 35
71 -47
-43 -27
-47 21
37 -69
84 14
67 -73
-9 -76
-8 -80
83 55
7 37
40 53
-27 31
-25 17
35 0
-56 -8
-41 0
-29 -60
98 -88
53 -47
-25 92
-82 81
-6 -67
88 88
-86 95
-6 15
-40 40
-17 -72
-95 -41
-66 -93
-81 62
7 -26
-93 -8
-75 73
2 13
76 63
-54 -14
-21 -8
80 99
45 34
-52 -36
86 -74
8 66
87 85
-32 99
-100 -7
-26 31
-89 -53
-81 -3
41 -20
76 -54
49 24
-98 62
71 27
-46 62
98 -56
-27 43
-92 58
99 -80
11 -80
79 -72
-72 -46
71 34
-99 30
68 23
37 22
-1 28
56 35
80 -84
85 -37
42 -38
100 -67
-10 -22
-72 -59
6 34
-27 -77
48 47
-30 16
-47 -35
6 -36
-30 -43
-65 94
10 96
20 46
-74 38
-78 83
91 95
15 -1
-80 -91
96 -78
59 -35
43 77
-1 68
-79 -53
-71 -4
29 -96
-54 -29
92 78
45 -39
25 -98
-2 6
94 -51
-84 -54
11 13
-74 -98
-88 -81
-58 12
34 77
69 25
67 -77
90 -10
38 15
-81 -91
-88 -35
-77 71
-98 -99
-21 -22
-69 -45
-86 67
-17 83
-43 -70
67 55
34 -32
-76 -36
32 52
71 -4
7 -58
-58 50
79 80
3 13
-32 -90
98 -48
17 3
-93 -60
-51 -75
-99 8
63 -12
-63 61
-40 -19
27 48
-97 -95
-66 40
-33 -99
-1 63
-88 88
31 -92
-32 -67
-62 66
15 -31
-59 -18
-48 38
-82 82
97 61
68 15
95 34
-36 35
68 21
25 -93
-86 9
-58 34
-21 54
100 -25
-46 -41
69 -47
79 -1
65 -11
29 51
9 -23
49 -5
-2 42
29 100
-16 -91
39 -46
53 -59
18 58
-98 -9
29 23
12 -52
100 12
41 -72
14 16
-89 41
6 -86
44 -73
83 16
-1 -29
47 -45
-43 96
-34 6
-84 -91
-88 -6
-75 75
-58 -46
-56 -7
56 66
70 -23
-67 -98
-82 -99
-41 97
-94 44
-4 96
9 68
64 92
83 -27
21 -15
59 41
-53 -56
35 -94
-3 -59
-33 40
50 -59
-51 3
-87 54
36 -48
5 -87
80 87
19 59
55 -13
-6 67
-40 42
86 -37
66 -16
-68 59
0 -64
-55 -5
11 1
-74 82
51 29
22 -36
-95 -76
-26 64
-18 40
21 -44
53 97
49 -66
89 -63
-84 38
-10 21
70 -31
-78 -89
63 -26
-94 65
23 -66
-78 -74
5 -66
90 -14
-39 -24
-9 -6
73 3
59 -38
32 82
5 2
37 37
28 39
4 -99
-59 42
-75 18
61 -73
-83 100
85 25
19 25
42 28
-68 -14
-51 80
-98 -48
16 -33
-25 -24
-69 55
-58 37
-99 -33
96 -36
-28 -73
-20 -63
-32 -49
-4 -46
-24 -39
85 -8
75 85
-67 68
-100 60
70 -68
-53 60
89 68
24 36
-45 -37
-43 -39
88 -69
91 -53
45 -48
84 -85
43 -81
7 -52
-95 -9
-50 71
-43 52
-63 -2
-26 0
89 48
-46 -62
42 58
44 0
-57 -83
-36 38
54 100
12 30
-59 84
-78 -81
28 0
99 79
88 32
11 8
97 54
89 0
-8 85
82 86
-18 -15
22 -31
-24 75
-85 80
52 41
-87 -52
-74 -88
-58 -40
6 7
50 -76
73 -6
6 -24
62 -2
26 92
-12 -27
79 70
87 49
24 -53
52 -58
-19 -4
-51 69
1 8
-33 -87
73 -93
-66 -28
92 50
44 47
-46 64
-9 -15
50 -87
-10 66
-62 -60
-79 52
-81 -46
52 85
-7 83
52 92
46 11
35 1
-90 92
-26 -47
33 -52
-79 48
42 28
84 42
19 1
16 -77
27 -45
90 -70
3 18
-10 -59
82 49
-36 2
44 -52
-93 63
-21 74
-86 -12
-55 54
-87 79
-70 -1
-76 62
12 19
-74 46
13 -21
56 11
53 -59
35 20
-3 86
-71 -46
85 4
27 88
-8 -69
-31 -18
34 22
100 77
-8 49
63 -18
33 56
42 -13
-27 70
-60 96
66 -43
-19 27
93 31
-51 2
86 -37
66 90
-93 -56
-29 99
57 -91
81 -33
99 90
3 90
-91 22
11 -32
78 45
-8 19
21 -84
41 -75
-95 -73
58 40
45 -33
34 19
-27 28
-84 30
34 78
38 81
15 97
-92 -45
69 -94
-55 -78
-69 -48
-13 -75
52 68
-12 -90
83 67
-78 -7
22 -35
-69 -67
60 16
39 -30
-47 32
71 96
-19 -16
-1 58
25 97
33 -65
77 -69
53 -43
-67 -10
1 57
-82 7
34 91
11 -61
-91 96
51 86
-89 69
-21 -11
-66 -38
-64 -90
79 19
-53 -96
71 -53
-47 75
-55 98
-6 72
-9 -84
55 95
62 -25
0 -40
32 43
-28 -20
-37 75
-97 -9
-70 -85
-67 -48
33 97
-16 69
-5 -28
81 75
-47 68
-20 -2
-24 89
3 1
58 19
37 -42
11 -77
85 52
88 47
-27 -71
61 25
-17 49
4 -44
-56 -17
9 88
-15 -19
-82 -43
-36 17
-72 68
91 -86
-63 -57
-95 59
16 35
-64 -30
21 -84
69 33
86 46
58 89
-13 20
-69 -76
76 -94
-40 -69
-11 -74
-52 -92
64 -51
-45 8
-11 -27
-21 91
40 73
-28 6
81 -58
-56 -1
-8 1
3 27
43 -80
-18 -92
57 -20
83 50
-6 -69
-98 -18
-57 -33
-25 45
-64 -77
-99 54
-35 80
85 5
-48 14
66 -74
-37 -56
-9 -47
-38 -70
-58 94
-24 -42
49 -78
-71 -81
33 -40
24 -89
92 -39
36 40
48 -84
-16 20
-58 -66
-73 -2
-7 -95
-63 -33
8 90
-55 42
-16 -23
73 -63
77 -70
-57 17
71 -6
3 -99
2 -41
-39 0
-8 21
46 92
-32 -79
-49 71
18 -78
72 -51
41 -86
54 -76
-55 -37
19 29
-99 -65
-58 -27
-20 -54
53 65
39 -84
61 -94
-62 -37
-16 26
79 2
79 -21
-96 -6
79 -99
-100 -78
-12 -56
-39 31
82 -95
38 94
-24 52
-47 -20
-79 -39
19 26
85 23
-39 -63
22 26
-63 68
89 59
80 24
19 -40
73 71
62 21
-73 -55
-21 60
-98 -9
37 -81
59 68
-38 -31
19 87
56 -40
82 93
-19 -76
-56 -5
-70 78
31 7
69 48
30 -16
-50 10
-21 -94
-84 -60
-4 7
-45 -11
64 47
-73 0
-23 45
6 -3
-13 -46
53 21
-100 -96
-99 27
-10 -44
2 -5
56 26
-85 35
-59 -18
86 47
7 -94
29 4
-59 85
-54 47
55 50
53 -46
58 66
79 0
-41 52
-28 79
-32 43
-60 32
-40 -38
-34 23
-51 -48
30 17
-56 26
14 -92
-83 -81
-86 -94
-99 9
-44 87
-19 48
-51 -51
63 -91
37 76
-95 38
57 32
89 -45
-5 -83
-17 -52
35 -95
65 -17
16 -88
-22 -88
-36 26
81 -84
54 -18
13 -19
36 49
-3 -48
-56 4
47 88
-42 50
-84 28
-98 -18
10 14
57 -33
-88 91
-100 -85
45 -52
13 -54
-92 85
-60 -18
-67 93
-78 -62
38 45
-49 16
94 6
86 51
15 -39
91 70
-27 53
75 -92
-5 86
55 59
67 -1
-85 94
50 -22
8 12
-29 77
-66 39
46 -36
7 -53
35 -92
44 3
9 35
-58 -73
51 -80
50 -60
-84 13
33 -90
-95 36
85 89
58 93
43 72
30 -88
-13 3
-98 8
0 -26
80 -65
26 80
-45 -54
37 5
32 -81
100 16
-3 44
70 94
78 -66
-13 47
-42 79
94 -5
31 20
93 52
1 -10
-4 69
100 44
3 49
35 -24
36 -9
16 -79
76 -95
-37 71
-28 -20
96 79
-35 9
-71 69
64 60
70 -9
-66 -89
27 -23
-3 -93
-48 29
33 55
25 -10
51 -78
50 -83
-52 96
-33 -77
55 -11
-98 -98
95 -48
-82 3
26 45
-13 -67
6 -48
-78 -62
-41 25
22 -70
-94 -74
41 -40
-20 68
-93 -18
-9 -60
93 48
-50 63
63 59
3 -22
45 -86
72 -91
-25 -69
-23 70
-19 79
30 65
18 -58
4 21
-9 -44
6 -26
-43 -14
39 -91
-17 -5
36 -65
-82 13
85 -22
77 -73
-73 57
-79 8
30 -22
-18 -63
34 17
-46 93
-31 48
-31 -86
48 -15
98 86
-60 5
78 84
-50 -19
-63 -62
25 -24
85 73
40 38
95 44
-44 -92
46 -4
-46 60
-96 51
56 -31
-22 -67
71 -54
-24 -5
11 -89
25 -5
20 -86
71 0
99 -24
95 55
-95 67
-58 46
63 24
-82 46
-4 17
-4 91
-76 -63
-14 -32
4 91
43 -92
-33 55
8 37
-70 41
50 -31
30 -5
-79 27
-29 -69
26 -71
49 50
40 -53
7 -93
55 1
10 -69
88 96
-47 95
44 42
51 84
-66 60
-56 85
100 56
68 -68
-13 50
-10 -13
-73 14
73 25
58 75
36 99
-95 79
-64 13
3 34
-40 33
53 -97
48 -40
-89 -99
-84 -14
-94 -51
0 -77
90 35
-96 -66
-48 -59
-22 -39
-64 -74
-7 -26
-88 34
97 26
39 31
-22 -91
-22 -94
-72 46
-58 -24
51 88
15 55
12 80
-83 8
29 -48
67 54
49 26
66 100
-25 -20
82 -19
-7 -28
-13 -34
24 -15
15 34
-78 -7
-38 -27
-17 57
58 -47
2 -58
-78 68
-25 -22
96 97
31 1
-59 6
28 83
59 -75
13 59
-51 17
66 -42
53 -34
100 -38
-24 40
-31 52
-21 0
-60 41
-72 71
-46 62
-10 -52
-55 95
84 48
74 38
39 64
-90 -27
-70 62
-12 -74
-74 96
-49 67
69 -38
-9 -26
70 84
8 -43
-19 22
70 -17
-53 -38
53 79
70 -64
-28 -48
-75 39
19 -91
-47 -43
-12 92
69 26
33 41
-83 -48
12 -95
11 -4
-14 42
-71 -29
-47 35
-40 68
20 -68
-13 -44
-84 33
-41 -26
25 74
-66 -83
78 -11
94 17
-31 -55
52 -69
-95 -47
22 88
-32 -80
14 -28
52 19
-40 9
-70 61
-32 -33
-93 -64
-14 -72
60 18
-3 17
-19 -6
30 -8
91 -87
-95 55
-22 -68
-59 -38
27 -63
7 -49
27 95
37 77
-22 -24
-55 -73
10 96
-97 -43
-1 75
-43 -46
36 68
-20 -97
-57 29
4 49
85 92
36 49
-81 -90
73 -67
40 50
24 29
-80 56
61 7
37 -100
-91 -23
-80 37
9 -39
-93 29
58 16
36 32
-65 -90
-33 -3
-46 -43
-34 -78
-38 -65
-99 -54
-25 79
-23 64
-17 -2
40 -85
79 28
34 -65
-58 17
30 -22
77 69
-1 -49
55 -59
61 14
-16 90
-27 -52
86 -99
45 67
3 77
-3 -32
-96 84
37 -20
-23 84
-24 80
-67 -68
-97 -26
-6 75
8 -20
85 -62
57 -31
-47 70
-10 -14
-20 -27
9 -55
-49 58
59 70
-4 -74
-24 -6
35 3
-60 11
-35 17
36 65
55 -78
-41 -57
4 14
-95 -93
-15 33
-79 -62
-18 -89
74 66
-70 5
-83 56
29 30
10 70
88 -59
-99 27
-54 -72
-60 10
-63 -73
-12 -58
-40 -9
13 -38
-20 -41
-60 -29
-4 -24
-41 -50
62 30
40 4
-24 -60
-70 -35
32 -100
51 50
-90 14
42 76
-68 46
41 71
24 90
9 -22
82 5
-6 38
-60 13
2 23
-10 74
-36 -47
-65 61
-98 13
79 -22
85 -4
-51 26
30 80
6 0
-24 -33
-56 69
97 71
-46 -48
-17 -26
20 -97
-66 -27
62 63
88 80
-21 52
-28 44
9 23
12 29
73 9
-25 26
96 90
-89 -30
-77 -37
39 10
84 -99
50 5
0 15
-59 -91
-84 -70
-8 -88
20 -14
5 13
23 34
-31 96
27 -82
-30 21
-28 10
65 -70
-35 96
85 21
10 57
-39 23
-82 62
-66 94
34 72
63 72
-69 -24
-44 -97
-13 -58
12 -24
-70 51
50 83
77 86
-60 -28
87 -62
12 -20
-43 -15
85 20
-78 -68
75 40
-6 -48
-92 24
69 -92
80 -37
-41 76
-15 -49
-95 73
-27 -29
45 -17
-89 14
0 83
52 -67
-56 57
-54 -34
98 78
-29 -8
-68 -42
-69 45
-67 -27
93 81
12 14
-58 16
61 -42
27 64
96 0
-17 49
-21 52
23 -2
-24 -18
-35 -54
-89 -95
-14 20
-96 -2
81 -89
24 -82
8 92
82 18
47 42
51 -76
29 -44
98 7
-6 49
-71 48
-26 72
34 -27
-100 -12
-38 -42
-30 -8
-3 -71
88 -89
86 -41
22 -1
-9 -3
-63 88
38 89
20 39
85 -54
19 57
17 51
-93 26
-33 68
57 94
92 92
64 -26
-75 -23
96 -44
-80 17
-78 -33
-39 61
67 39
-56 93
17 25
1 30
69 -72
3 71
71 -25
-53 3
59 -23
72 -100
57 -94
7 -26
21 94
37 33
-59 -12
-100 -47
-17 82
80 81
43 -5
20 -81
3 -74
83 -83
-92 9
47 79
-91 98
23 9
73 68
-87 37
9 -60
47 -71
-82 -72
26 -80
-19 58
-45 99
85 71
-45 -28
92 54
40 -54
-98 -28
57 80
-29 -84
86 -41
-86 -67
40 49
-73 53
53 -97
-41 -41
71 -60
6 -41
-66 56
-30 21
-92 -71
15 -85
18 88
79 -88
100 20
67 -24
-13 72
17 6
-11 -40
71 12
70 70
-41 -59
-88 83
-71 -88
-87 91
-83 90
-48 -80
9 -43
-43 -81
83 -74
80 -68
-32 80
69 -26
18 96
-36 57
0 2
-97 34
42 26
28 -28
-57 70
-90 15
89 99
4 76
-8 78
21 -91
-31 6
-32 -19
-98 -80
-31 -36
-64 30
69 2
-77 -40
50 59
87 -69
24 56
34 -99
-84 -42
-26 65
78 15
8 45
-54 80
97 -4
29 -45
50 -47
-68 6
-75 -61
96 38
-6 17
6 53
82 16
-4 20
63 -39
-74 65
12 -83
24 -41
-30 17
-97 -71
29 -55
-8 2
36 59
-54 -8
-45 55
60 47
82 -30
23 -88
54 36
61 23
-16 -67
-20 -48
21 -65
-89 -40
-98 -19
-99 56
10 -85
35 73
33 -16
32 24
-76 -30
-8 59
-18 52
61 -60
86 83
11 13
27 46
-43 -53
-4 98
-55 10
-50 32
23 -2
79 14
9 -12
1 59
-96 -23
38 62
22 -16
89 62
-34 16
-35 -65
-44 84
-19 -77
-24 -24
-95 -58
59 87
48 -44
18 48
-20 58
31 26
71 36
-18 -67
-58 -24
-38 93
-88 -38
0 94
-79 -75
-7 71
-26 9
98 60
-91 60
59 -10
60 3
-25 66
-41 -18
22 86
-98 73
-84 -45
21 88
45 -10
32 87
-93 -31
-93 21
5 -100
-1 19
83 -27
89 69
77 87
-62 18
62 -74
98 85
-94 -15
-67 -38
-15 50
-63 96
83 50
96 -36
96 -88
-31 60
-18 76
-6 19
-64 -49
-70 36
-79 52
9 -2
-95 1
-54 -28
-47 45
-11 94
63 23
72 45
-59 -42
-94 64
80 -9
66 65
51 72
-56 -95
-16 64
-36 76
-71 18
-51 -84
-50 70
-85 73
-41 62
-54 -37
-71 -11
84 53
78 -16
35 -76
10 64
70 -100
-66 12
96 13
48 61
-57 88
53 -21
-49 49
38 67
63 0
-93 -56
-61 -8
74 -10
46 77
91 -34
60 79
89 59
57 97
-12 29
70 -39
82 -59
-93 -21
-37 93
-39 87
48 32
-85 -92
-8 70
-13 -12
-18 -34
-1 98
-34 -15
-31 13
-18 27
49 -12
-74 35
75 -68
12 95
-35 96
68 -54
89 97
-93 51
1 3
68 -37
3 64
11 90
-67 88
42 -81
-42 -67
-42 48
-2 22
88 27
-41 2
30 78
-78 100
-9 -14
-32 -92
-21 5
90 -42
-12 30
-91 37
-53 11
-33 28
78 -39
56 -50
-41 -34
-55 8
16 73
86 -57
-97 -8
-2 3
17 -80
3 -17
-85 -64
-7 -64
50 29
-85 -24
47 8
-24 60
-38 -6
-89 93
-56 -27
18 16
-10 66
77 -86
-97 -81
17 -81
69 -75
39 34
50 86
54 17
41 -13
34 46
100 -10
-67 -11
46 -24
52 -91
-34 -66
-97 69
-41 60
72 55
25 -68
-22 34
-70 20
-7 -100
-62 -5
8 -81
75 65
-4 47
0 -76
-87 55
-24 46
7 86
-21 52
-31 1
20 6
42 -93
89 -96
-23 33
42 28
-10 28
-44 43
15 76
-73 -56
-57 -62
-15 10
-48 -1
87 41
79 -44
-5 7
48 -100
-82 44
-50 76
9 -100
31 -14
-28 -73
59 -8
-90 4
-4 -86
-54 55
51 53
23 -85
-20 54
42 95
49 -55
13 38
-13 27
52 -88
-82 98
-96 -98
-9 89
4 95
-46 -100
-1 -15
-66 -40
-97 -82
40 -61
44 -60
-59 61
-47 -99
-1 7
-69 67
67 -100
64 -4
3 -65
-61 -82
-6 13
-18 -36
37 -51
-21 -27
7 99
-36 64
84 -24
58 96
85 64
-45 -98
-95 9
-89 -20
-6 87
-49 -83
82 -16
-29 1
25 4
-91 -89
-59 67
-99 -51
-94 43
85 93
77 -94
53 -53
-43 97
47 9
37 -92
-50 -93
-41 -35
-68 41
-63 40
-35 -2
-56 -9
-56 -55
62 -11
-95 -28
-9 -65
-8 27
24 51
57 11
-25 -49
-31 -15
38 -92
-47 -38
31 1
3 -100
20 -43
65 1
-3 -76
-41 -42
-57 -80
-74 31
-17 -67
-99 -52
-83 -9
-49 72
23 -17
28 46
58 96
100 -63
-34 49
22 -37
57 38
-22 -76
41 -67
96 -57
49 -76
51 -97
98 4
92 87
98 76
93 -15
-4 34
57 87
19 -50
-91 -33
-65 29
-83 -32
-11 80
-95 -1
-25 66
100 15
-67 -34
26 72
-82 24
73 -18
-59 -11
-88 72
-16 77
-6 1
78 56
-66 76
81 43
61 -40
15 -23
99 -22
-81 16
5 50
28 -38
-79 -75
-6 27
69 97
2 -89
-1 -28
94 -75
-25 -4
-96 47
98 53
47 -12
-69 -98
-35 35
65 -34
-38 -20
58 56
-40 -47
-30 11
-23 1
-96 -15
-99 -70
31 -31
91 -97
-70 -35
-89 28
-36 94
-91 4
-6 -32
3 -7
-27 -22
95 34
-66 -39
58 -65
-40 -83
-17 33
-34 -89
-77 36
86 -1
-83 -23
-55 13
-37 -81
80 1
-82 -53
41 -51
79 -52
-17 61
92 -55
-16 -42
97 -63
12 -6
-49 -87
-95 -58
33 -83
50 28
76 -74
11 94
44 -6
46 -73
-47 -57
41 78
-46 12
-59 38
-93 66
-49 17
39 19
-42 75
79 -50
27 76
56 87
42 -1
99 14
-36 95
67 59
94 -91
55 -89
-18 44
43 -83
59 62
-21 -38
7 60
-1 19
-79 86
-47 0
-73 33
-87 78
-14 5
-98 73
91 -2
19 38
98 92
15 -63
-82 -80
80 -90
-77 83
-94 -75
-56 -33
-44 9
-44 51
-7 -69
-8 -44
13 63
-27 -34
29 -50
-23 -83
-78 43
26 46
-25 -54
9 15
20 99
79 87
22 -62
81 -53
-80 -52
-64 -63
52 65
18 22
-75 78
-85 41
21 -89
-100 50
23 -100
41 98
48 28
17 51
18 -19
49 40
-51 52
-45 89
70 79
-56 50
81 -98
-63 56
-42 64
6 -54
93 43
23 6
-8 -68
87 59
0 31
81 -85
17 59
-65 -55
84 -17
-21 92
67 41
30 -5
39 92
-7 -47
-1 73
-40 -72
-62 -10
9 -39
62 24
42 -62
28 -39
69 -1
-91 -18
69 -36
-97 -50
-90 -56
9 92
-92 62
49 60
52 83
72 -17
85 -58
-97 -96
-68 -99
-33 13
-64 36
11 -31
-14 42
78 -49
-39 86
89 -35
86 51
26 83
-91 -5
29 -30
68 -94
-90 -13
-7 -76
81 -15
72 76
17 -78
2 31
-41 62
84 29
20 40
44 -75
-5 94
59 -64
63 43
-62 -56
35 -84
-16 82
38 75
1 -92
-62 -99
19 39
31 62
53 -50
5 -94
71 -24
48 47
-18 -28
56 74
-20 84
79 66
-67 29
-35 32
35 20
-83 1
44 -37
-77 -82
27 62
-71 7
-50 -12
99 -41
47 37
-86 -52
-21 2
65 -66
-2 -94
-81 31
-7 -88
11 2
13 51
62 -92
74 79
27 -4
3 57
32 8
-11 -23
-32 -17
-4 -13
-11 -47
-97 61
45 18
19 34
-83 80
12 16
32 15
-64 -35
75 -97
57 -20
-77 91
18 -76
43 83
-75 -39
-74 -12
-55 -45
65 8
-3 43
90 -43
-9 60
17 -69
28 -1
-17 30
52 26
-76 67
-43 63
26 47
47 -22
86 92
-48 77
-77 51
72 12
55 39
-70 19
4 99
-67 18
31 49
-98 -30
-52 12
-25 -39
-9 88
-21 36
95 5
-17 8
-18 -30
21 50
7 30
-60 -82
75 59
-24 -1
-33 98
89 -83
16 88
62 36
-96 -4
-30 76
-66 98
-67 -100
80 -2
90 -86
-61 45
-96 92
19 9
-51 -81
-22 -6
-74 4
-15 14
84 -67
-62 9
-46 91
45 -34
-40 18
-52 93
-41 -43
-74 -15
8 -84
-89 -25
-70 60
99 56
-38 14
1 -12
7 49
1 -89
-49 79
-16 73
43 0
76 81
60 28
-52 -23
7 -5
-25 59
92 -72
34 -62
61 -32
90 16
63 96
-1 -54
-31 -23
76 -92
3 96
-7 -74
-87 -87
17 2
-49 -50
45 49
94 8
-90 94
-86 -78
-22 75
-23 -87
94 3
67 19
-97 -90
11 80
99 -64
65 -58
65 63
-100 -21
27 79
17 -73
-100 -70
27 -89
25 -78
41 -32
72 79
78 12
-86 34
48 -41
31 69
94 -33
99 75
6 59
85 -38
-15 -19
29 -81
6 54
-84 -16
74 85
7 88
-22 -14
-45 -32
-45 100
-30 -80
51 76
-23 -10
100 -44
-71 84
-66 -26
-84 0
63 19
-25 49
-82 -41
-65 97
66 -38
-52 -87
24 -97
71 -72
-70 47
-79 90
94 -57
-56 87
67 39
40 -52
-19 34
-84 -14
-40 93
98 7
53 18
29 -54
8 -70
-65 -65
-20 54
-2 -5
48 -13
90 40
82 30
17 -65
-79 82
16 79
46 -97
-43 44
-84 99
24 -39
61 71
65 80
40 -4
58 -26
-89 -93
-99 -3
63 -15
74 34
53 97
45 -65
-13 10
18 -35
48 76
42 67
-12 60
-81 -87
-78 83
-38 -48
-71 97
-13 37
42 -92
-67 90
62 52
-79 -22
-87 -82
-60 33
-82 -8
62 4
-73 -54
28 -33
27 -37
-4 -71
39 80
89 8
-3 74
52 60
-2 -34
-15 74
26 -98
66 -52
-46 70
-84 68
17 86
39 -85
-54 60
-16 2
42 -26
-16 59
34 -43
-29 11
-46 -80
-93 41
49 100
-44 85
-69 46
61 -18
-51 49
-46 -41
-18 51
-14 -61
42 77
50 -53
-37 -87
79 44
-79 -49
18 14
32 78
57 69
55 -89
-5 51
-23 17
-59 26
27 86
13 36
-70 -80
88 56
-5 -66
85 -99
65 -30
75 -59
-93 -15
-55 13
-77 -8
-82 -79
29 58
74 26
69 36
86 41
-20 39
-71 39
25 -37
-51 76
66 98
-89 -64
-9 22
21 10
42 -90
16 -4
-100 -31
20 35
-7 -66
-87 -90
85 -8
-83 95
-50 -90
39 98
-14 78
-8 -29
-69 -32
96 -85
-46 -35
92 -36
47 -42
-49 -76
-64 91
57 -100
-4 -45
-7 -13
14 -85
-90 -54
-58 -65
86 7
86 -18
44 -78
71 -50
-7 0
15 17
85 33
-63 52
54 39
-24 -60
-30 -7
57 -78
-91 12
21 -80
94 42
-74 57
-99 47
-77 -83
-62 -87
79 57
-58 -62
-74 99
43 46
-50 39
-98 -30
72 -33
-95 -55
19 25
13 -1
-35 -97
46 -60
-57 -47
-74 -31
57 -40
-29 -39
-59 32
48 38
36 -57
69 -39
18 96
-15 -8
-20 -85
-25 -86
69 -1
-25 65
43 -53
-59 14
-42 -88
-2 0
56 -10
17 -56
-20 85
91 -7
18 59
92 -7
66 -98
-81 33
60 -77
27 63
-49 -76
100 -60
89 -18
42 63
-19 -38
-27 -6
-14 -59
67 14
8 -75
61 -30
7 49
44 97
85 99
-16 -46
91 -21
10 69
76 -86
-68 -35
-82 -61
-21 -46
-98 100
86 -17
-48 97
41 -44
96 81
47 -52
45 -45
-94 -68
-30 12
-67 9
33 -42
-81 46
-1 -77
8 -47
-45 -75
-47 -88
77 36
6 -54
43 2
-95 94
78 -8
-82 38
68 -94
-5 -39
-87 -13
-40 -16
-38 -11
18 88
-99 54
-16 -24
88 -10
8 64
35 45
41 4
63 -61
13 65
-75 89
31 -45
-96 92
31 47
18 33
100 86
67 -57
48 -20
69 69
5 21
0 -97
57 83
-99 -82
38 7
82 -73
78 83
-31 -13
-33 -25
23 -74
-20 -22
50 -7
-61 -38
-30 16
49 53
-62 -87
56 18
-58 -47
-42 20
76 35
-29 15
11 96
-29 -82
80 -49
-43 81
43 -32
19 -71
-82 -43
13 -21
-19 10
83 21
33 -91
-36 100
-4 27
-13 -4
-15 -89
21 44
-39 7
91 66
64 -21
20 85
-69 -43
56 -56
-40 83
-13 -45
41 3
39 37
-39 82
-9 23
18 -19
-70 -7
-45 5
87 -77
-8 -35
-58 -62
61 38
27 75
-55 33
-87 78
64 -48
21 67
-79 67
54 71
-17 -21
31 -11
-59 52
64 -47
-58 86
-88 98
67 20
11 42
29 -60
39 -79
-11 51
64 -13
83 3
-56 -87
-58 58
14 -62
8 72
26 61
-14 71
-92 41
43 -47
51 -42
-68 28
-41 69
7 41
-100 -25
10 -92
-82 -83
-49 65
78 11
70 91
-82 22
-1 -23
-58 68
-55 7
-49 93
63 98
80 53
6 -87
-17 11
-24 -86
99 -13
-69 -7
69 -60
-14 -92
-31 88
21 68
-18 59
20 -78
29 -59
-74 -81
-9 -65
-32 84
-93 -86
-66 -7
-1 -87
25 -33
57 58
18 -7
-34 44
-43 -54
-70 19
-83 60
-97 87
-71 19
-5 19
7 23
21 90
-43 49
100 -15
-23 -26
93 -12
-96 41
55 -34
60 61
23 -72
57 -92
-65 54
-99 -29
-47 -71
95 -56
78 -26
-88 -8
92 -26
-62 -79
-2 -70
95 -73
26 73
-62 -96
-38 51
-70 -69
66 93
-51 -96
-30 64
-43 10
-49 -3
-33 -25
-48 -97
27 7
-99 -10
62 86
94 -40
-51 -41
84 -31
15 33
-89 98
-84 -6
-71 -90
59 -46
15 -61
39 56
-1 -22
65 60
-29 67
-40 -55
-7 16
32 68
54 -84
38 -57
-93 -30
-40 -38
-30 -24
69 -1
-18 51
-15 83
-16 -48
-99 -6
71 -40
33 -59
28 -21
65 -67
-60 -36
21 -63
93 -17
-97 45
51 -16
32 -23
15 -76
22 54
82 -100
99 99
77 -70
-64 90
73 51
-60 -83
-83 75
95 96
-63 41
-42 86
-1 -39
52 -22
88 -25
-16 63
-1 59
86 59
-32 97
-29 -6
-50 -11
-31 -18
66 -18
44 59
-1 85
-2 -90
40 34
-35 -68
68 59
58 -48
-42 -98
9 66
50 97
36 -41
-48 25
36 -62
19 82
19 -69
-46 -35
80 -4
-64 32
-98 -48
-98 82
54 -75
-78 13
14 18
12 -98
37 5
21 22
-78 54
-22 21
-68 0
39 -78
58 -100
83 43
35 -9
-73 91
89 -13
-87 -7
-69 -48
-25 74
87 32
97 67
-16 50
-71 17
45 0
85 -25
-19 30
30 -76
80 60
-74 98
5 59
54 -11
-78 -78
84 -44
60 5
55 41
58 -50
48 8
86 -50
47 86
-53 -2
-11 48
26 28
10 83
50 -59
-78 -17
67 86
20 -27
-50 -6
-63 11
-57 31
73 -74
34 -78
94 -45
-44 -35
93 77
-35 -78
76 -40
-90 -59
91 -7
55 -47
-27 14
-97 -14
30 55
9 -35
25 -70
-56 -33
-46 -31
-26 38
60 -61
-54 45
86 12
-43 -62
-79 -98
-27 2
89 70
0 49
-59 86
-18 20
-7 40
66 52
71 0
14 -63
13 59
56 62
61 -96
29 -68
-77 -92
94 -11
-43 -85
3 60
87 11
49 -98
-98 -81
-68 -32
87 -48
40 83
-93 -10
-18 28
-84 70
-36 -27
69 57
-56 65
-84 75
62 69
-97 85
0 -92
-86 -36
-54 62
-39 -28
-53 33
-48 -32
-5 25
-87 -62
86 41
72 23
2 -77
-15 74
95 3
67 -8
-2 -2
-12 4
-4 -54
-95 16
-65 -72
84 -43
66 -13
-54 -30
17 67
26 60
100 -23
-45 1
11 46
-73 -50
-67 -87
-68 -28
-82 -98
-61 49
99 55
41 71
-94 8
21 -74
-52 96
-71 -71
90 -35
-26 -49
31 -43
-41 47
-19 8
-72 -19
72 -46
12 42
73 99
90 -72
41 47
-53 -90
-13 40
-98 -41
30 0
86 -82
83 51
89 -97
100 30
40 13
62 81
-34 77
26 -25
75 -11
68 -43
-76 -79
49 -82
-70 59
-14 -31
54 83
75 35
-17 -56
-20 61
-80 17
-56 70
-98 23
-74 74
42 13
33 10
66 -67
44 -81
-31 26
-24 -43
-90 -63
36 -14
21 -5
65 -74
-100 -25
-100 -29
1 -42
56 24
-32 -3
-62 -26
99 30
62 31
-54 -31
-18 38
79 -35
-72 -58
49 -67
-85 90
-77 67
4 -36
86 63
-80 -91
83 81
98 14
60 91
60 -15
-94 23
27 18
-56 93
58 42
3 78
90 80
28 8
-87 15
-46 -5
84 -72
1 76
6 -54
79 78
-40 16
58 -65
-4 -67
11 -18
12 -46
-16 24
67 13
-18 -87
97 40
43 -96
79 -29
38 31
69 -87
1 -57
-14 93
39 -8
-53 -13
37 90
-31 15
84 -93
-7 -100
-38 -27
71 -74
-69 -56
-14 -92
80 7
73 97
98 67
-15 -71
-1 -92
-9 -63
-88 -87
-6 59
-52 -27
54 -56
63 -44
-69 -88
-93 21
-45 64
26 53
-71 -38
36 4
-34 59
88 22
-75 -7
-41 31
-93 34
-78 87
-71 60
-49 67
21 41
-91 -88
-31 -45
-29 93
51 32
-100 -81
-93 23
-35 -91
96 -14
-90 68
87 100
-27 -44
66 -47
-33 1
83 14
65 -64
-4 -84
73 -32
-58 32
69 69
-25 -29
-61 30
5 19
0 -70
31 -56
-51 -97
67 93
74 -51
33 62
-7 15
-22 28
95 67
-44 1
5 -15
-7 71
-75 -6
-75 2
96 -9
78 30
-27 -25
-33 68
85 -91
70 -94
-65 -53
-73 51
78 11
85 -75
79 83
62 -51
-90 -74
-83 96
-54 -31
20 -7
-12 -90
-49 65
-32 -55
21 -11
20 2
-55 40
60 -27
36 -52
-19 47
-99 -97
-13 27
68 -52
10 -61
-6 85
-65 -100
-70 -55
17 -72
52 42
-41 -91
98 -86
68 -34
67 -71
54 99
-74 -48
45 -25
18 -34
72 -36
-82 -96
-64 -81
-55 2
-52 -60
9 -36
99 98
-9 3
-52 -54
-49 15
-39 17
90 -96
64 -20
-52 31
-82 -69
-92 76
-91 -45
-54 51
-5 78
68 -6
-30 85
21 64
-41 14
51 7
-5 99
88 -39
-75 27
-93 48
51 13
-81 30
-3 -73
29 -1
-62 -91
34 8
-39 93
3 -37
-81 -3
-30 33
-97 28
-15 -50
3 30
84 -75
-31 68
37 -51
21 59
67 12
65 47
-42 69
-4 13
-17 -3
57 -65
-91 -59
98 79
-58 51
40 -98
90 -3
96 55
87 -52
-26 -14
-63 87
41 40
-13 59
39 57
84 -41
55 -86
2 -75
-57 24
35 74
0 -52
-83 -15
-75 53
87 -20
88 -20
4 -20
54 96
-99 2
-27 30
10 83
-19 71
62 23
-35 71
-16 89
-82 52
60 -56
-33 -79
-11 -70
-23 94
-96 -71
-21 -83
11 76
-27 67
67 51
-66 -47
-77 17
-23 64
27 25
-4 17
-71 12
-97 -13
-35 -89
-28 12
-22 -36
84 74
98 43
-16 -92
96 -18
65 -83
-92 58
77 -57
27 -96
63 -19
-3 76
-45 -79
38 -70
27 57
7 -64
52 99
-21 18
100 -100
-23 -48
-97 20
15 -76
36 -3
-98 -20
-11 26
98 -83
-43 5
-8 -89
58 90
14 -24
96 -22
-60 -48
79 -42
-63 -71
63 75
91 -36
-7 37
-85 -94
-51 -79
-30 -66
23 -5
-4 46
-43 87
-24 -8
-44 42
51 7
66 -41
72 -97
-16 86
-19 19
-66 -14
-79 3
-86 82
-100 -63
16 -52
23 -51
-44 100
6 -8
-55 1
24 68
85 -73
-72 -73
88 -52
-95 53
89 -34
-20 -28
-85 15
24 52
-100 70
46 56
61 -72
1 38
31 -40
22 -95
-27 -100
-15 19
35 97
67 62
-68 82
-21 4
-53 1
-93 -94
-9 -40
-1 33
58 59
0 55
53 64
80 18
-27 24
-69 83
71 -28
-98 53
42 -28
84 99
-45 -52
41 67
-15 52
39 -30
2 -51
28 63
-68 89
13 -48
11 86
-64 -78
7 31
-48 68
-67 -54
-78 73
49 -40
70 -2
12 99
100 -89
7 -18
83 -66
-56 -87
-76 -82
71 -72
39 32
-99 82
35 -42
-96 30
-30 -18
-38 77
52 -34
6 -50
-3 19
11 33
17 -56
37 -76
-80 -53
-9 -96
27 60
-64 -58
-68 8
81 89
-1 -18
4 -33
-35 -58
31 81
-97 -81
87 -31
-34 -72
-38 -14
24 -7
-9 -34
36 93
23 91
21 43
38 5
53 -58
-2 -31
6 79
91 -84
28 79
57 -66
-16 67
65 48
-93 -26
95 83
-19 -35
27 -38
60 82
2 63
-99 -54
-9 -90
84 -21
-64 26
26 29
-67 -70
91 -35
76 84
6 31
60 -31
38 15
-92 54
-87 8
-32 62
9 55
55 13
42 100
-67 52
33 13
-75 8
-22 -78
90 -8
97 -25
44 9
67 -19
29 51
2 80
-27 74
-61 16
68 84
-88 37
-96 36
46 12
80 -39
65 -57
86 -95
-96 80
6 -88
-97 58
82 92
47 -1
-83 31
-90 -18
49 31
32 -91
-72 -35
-91 22
-38 7
-10 -54
15 54
-40 -84
43 -47
11 -12
-28 -33
36 73
70 -93
53 -55
97 -51
-54 -57
-90 -68
63 76
99 -41
-61 83
96 -72
-45 -47
87 81
24 -66
100 -31
48 -52
-90 46
-92 82
-20 -30
68 -50
-69 -63
31 3
32 -78
25 67
75 35
-22 -43
71 -64
-48 38
-81 -55
-82 -10
86 40
-43 -58
-2 62
-62 -95
-69 93
-93 -38
13 -62
91 -21
16 -78
29 36
-15 -9
42 -48
-98 -11
-47 56
-31 -64
-54 -64
-63 -14
-99 54
40 41
-39 -54
-55 65
24 7
36 47
42 86
58 42
-78 -92
-97 -52
-42 -73
-59 -20
-27 24
-65 71
-76 3
-55 1
-11 -45
-31 -98
-46 40
68 -78
68 69
-3 -29
-86 -52
90 -48
56 -63
11 -52
-35 -14
15 -50
39 -34
8 22
-22 27
-62 69
20 15
79 85
61 -92
77 -83
-51 47
-35 12
-94 -5
-86 80
-9 -19
46 -13
93 -52
29 -74
0 71
-90 -58
-27 -57
22 -13
-35 91
51 95
-87 9
-75 -9
94 -2
92 -7
13 34
-82 -59
83 23
5 -1
88 98
-19 -11
80 -59
-53 51
-81 83
90 93
-5 44
-85 -55
28 -76
-60 -92
83 -97
88 -85
9 -52
-34 -68
-38 -13
-86 100
72 -48
40 -73
69 73
21 49
58 15
-77 -41
9 99
95 71
11 16
5 -89
-70 -27
-32 85
-3 -7
-46 26
-40 23
52 52
85 1
-41 36
91 50
21 60
6 -27
28 -100
-2 50
21 -35
-85 -46
56 18
43 88
-42 -95
-2 -45
-8 25
-34 34
7 76
-94 -96
-45 29
-37 24
2 5
27 100
57 47
99 84
-66 94
-45 -87
-13 -11
19 7
69 -12
-100 35
-82 63
-24 71
13 69
-51 -14
72 1
-96 90
-17 -75
-18 74
-51 -29
-11 68
77 -62
-33 -41
-84 58
-45 11
-19 22
9 49
-1 -58
51 -24
55 -37
-62 -72
-6 -97
34 14
-19 63
7 -36
85 -41
-16 -32
-95 47
-53 83
55 52
-83 -51
2 -25
26 -26
73 -45
-64 91
34 85
-91 -44
20 -47
8 -2
29 -86
-60 76
-95 -21
24 48
15 -99
-61 31
-95 83
-18 -73
-82 -94
-49 -87
17 -92
39 21
-38 -83
100 44
-49 69
-57 -74
97 -34
-38 69
-28 -82
81 89
96 -19
-42 -28
-12 18
41 74
77 95
2 -84
-70 50
-48 2
-47 16
-12 -25
-41 -19
-66 54
23 23
-57 -12
-31 83
-66 -64
54 -61
79 33
32 -94
13 90
-75 -45
48 -41
-68 -63
89 -56
-47 45
-40 -10
81 -35
12 29
51 -66
-96 22
-17 9
94 96
62 -5
79 -62
94 -71
-1 -51
-19 -35
-45 68
-65 0
81 52
95 13
97 100
59 86
-59 95
-2 26
33 -18
55 87
85 47
-96 -43
58 71
9 -71
61 27
-67 -90
60 -20
31 -34
-23 1
-64 29
-27 81
-44 -91
-100 -59
-3 -94
82 7
42 85
92 -49
41 72
100 94
92 -76
-43 3
-18 -60
80 -46
-76 -28
-61 -73
39 -83
77 -41
-60 45
-1 83
13 -54
83 67
-44 27
17 -45
12 63
-93 84
87 79
-62 -49
-71 87
89 -7
-13 94
-40 -45
-59 -57
-3 93
27 76
54 71
-34 -93
-80 -78
-7 10
84 45
8 31
-72 -18
-91 -72
79 -84
-59 30
-27 19
-22 51
78 -68
56 -20
56 84
58 -70
-89 30
-20 14
-1 3
-85 -66
-93 -5
-57 -79
11 -81
54 -71
-92 7
9 -56
49 87
37 48
-84 47
56 -92
12 -33
-75 13
-78 -99
41 43
66 40
-84 79
-70 70
10 23
54 70
-5 3
-89 -74
-77 -68
71 85
-100 27
-76 -25
-9 -29
-12 50
73 -66
14 -15
-12 -15
-22 60
50 -91
93 4
20 26
-92 -75
-8 -24
40 37
4 -23
4 70
40 23
95 63
-24 16
89 51
44 -37
-32 -53
79 95
52 70
43 -91
32 -36
-67 80
88 -68
59 49
43 -94
41 -68
18 -45
-52 -72
-81 -9
39 -28
-17 43
52 19
47 -92
-87 -41
65 30
96 -48
79 -56
92 17
-72 96
39 30
58 50
61 -79
78 -77
-55 -72
-11 -13
-23 -71
-30 -80
11 8
-7 48
80 64
-55 -85
97 67
98 80
-44 -24
-53 -29
-83 -32
-36 -34
-52 -60
-83 59
41 -66
-84 -85
7 -46
-48 -82
-46 100
20 -19
-57 47
-28 96
-45 100
28 42
20 84
-13 -40
72 -11
48 -53
39 -7
69 -82
44 -14
60 30
-32 19
-20 -71
-14 -51
0 -61
-57 51
-67 85
-49 -42
97 25
89 -28
-57 66
30 21
48 61
-37 -86
-62 -46
92 -89
91 12
91 -77
-1 -24
-41 -14
37 83
-45 56
-74 33
-48 42
-84 86
-31 -47
-79 -7
-60 -54
79 83
-48 -37
67 67
-93 -99
32 -36
26 46
35 27
-52 56
-46 -58
82 25
8 86
44 -64
-95 -25
59 33
72 84
-53 -81
-19 15
-47 -11
92 76
-29 -11
62 14
6 -100
40 -3
9 77
18 25
-79 -81
-96 81
71 74
34 -48
16 74
-79 53
87 -32
-95 -38
35 77
99 80
-79 -98
49 -57
-77 -78
-92 7
26 -84
5 68
-85 -79
27 -56
33 -40
5 46
-31 0
-65 80
-68 47
-68 18
100 -96
50 70
-11 -6
9 21
-12 -85
-84 -10
-51 -73
50 36
-26 -7
34 44
-56 -14
72 -9
-94 -93
-41 63
-49 -31
49 -1
-27 -26
7 18
-28 9
-95 -42
77 -95
-74 28
1 55
-17 79
-96 -44
94 -61
-72 84
16 -70
-61 52
-69 -9
68 -56
-14 -38
85 30
53 81
61 -50
-76 49
48 -74
32 69
27 26
71 -69
-31 -51
-93 -49
86 -87
-7 -23
-96 -61
64 99
32 6
-49 24
27 32
-8 -89
-21 44
-55 -94
24 -48
92 86
-76 -39
61 -34
79 -75
30 33
-26 -10
61 5
-86 40
99 -25
-25 8
-74 42
-53 17
-93 24
-15 8
29 0
5 -77
-7 92
-84 37
-23 80
-81 67
16 8
-98 -90
-47 -16
-84 -65
-92 -73
-70 73
52 67
38 -100
100 32
-28 4
-85 -26
97 32
-27 -4
66 -52
20 86
35 1
5 -72
26 -64
3 -56
82 10
-70 -39
25 28
-85 -61
-73 43
29 1
58 -19
29 4
-68 -23
-83 30
56 -5
-29 5
26 96
90 -57
-89 -82
-11 -83
-70 -44
92 65
-82 75
-77 50
3 -61
48 -87
-81 90
24 15
-16 73
-73 31
-95 2
-71 92
-78 -4
6 85
-97 26
-46 -17
32 79
64 51
-45 97
1 94
84 -54
-2 35
-34 -34
27 -11
7 -19
-1 -60
19 40
12 -46
-97 73
61 -21
-36 31
65 15
-20 -13
-100 66
-31 -82
-28 -80
-47 -8
42 46
-61 -83
62 -97
78 -83
94 -61
4 78
-34 15
-68 56
54 53
23 -90
44 1
47 -42
39 -26
-93 33
34 -84
93 -27
-57 -35
-39 29
22 -96
-14 81
67 31
34 71
33 4
-20 5
-28 -31
-9 1
-23 56
62 -96
27 -50
-75 0
-84 48
-68 56
-10 -3
-46 -46
-55 -55
-74 57
-28 -92
86 19
-8 -63
-39 18
78 52
-53 11
-96 -82
-24 47
75 -24
42 60
-99 76
92 32
-47 -15
12 84
86 -64
48 89
46 -63
89 -32
56 -43
-99 -70
97 -35
67 59
58 79
58 71
-91 -90
-24 -66
-36 12
27 46
-7 -11
-53 -2
76 -14
58 -24
-59 -7
-39 -89
39 -72
62 5
-100 85
-99 -45
20 -45
-63 87
12 -71
15 27
100 22
84 -83
-86 98
0 99
88 -70
64 30
-64 -56
-65 39
64 -36
78 -38
-75 87
53 51
-98 4
7 18
19 22
10 -65
84 26
22 -68
-80 57
-88 53
67 59
-54 -15
92 51
-97 -40
82 -32
8 76
-14 -64
13 -65
11 -69
8 96
36 -90
54 -94
-84 -23
-50 99
-61 -39
-31 -76
10 3
-23 61
-23 -76
10 99
66 88
-55 -14
-62 83
-64 57
-41 64
66 -4
-98 88
-16 -29
24 16
74 43
91 -27
66 38
-5 -46
-14 -96
15 -75
27 -68
-41 -49
-45 -14
49 -96
93 19
-42 -82
-20 -84
-14 37
57 -56
-19 -17
36 66
-98 60
83 84
-91 10
-8 55
36 -38
23 -100
32 -86
84 -65
-51 57
-74 22
33 -89
43 48
78 55
-59 -57
-83 72
93 -83
97 -16
11 -69
-20 95
-49 85
26 -46
82 23
28 -88
-31 -71
-93 -73
-44 30
59 -10
58 84
67 25
-97 -21
22 13
90 -67
52 -38
84 91
61 -77
22 -34
41 -43
16 48
95 98
95 -90
-2 17
13 57
-87 92
24 -100
-48 -17
6 -32
32 -79
-65 57
67 -2
-59 61
-4 -89
23 -9
-90 -75
-61 -69
93 -35
-85 -56
77 -87
-21 -36
-4 -57
76 15
26 17
-54 70
-89 -10
-34 11
50 -11
54 -98
-85 -69
-97 71
-38 -10
-34 44
-32 6
73 10
82 -51
-86 -69
-88 49
74 -63
-65 96
38 78
96 -49
79 -75
60 88
-91 -72
-61 57
21 -59
51 24
-87 37
-19 59
-38 100
52 -39
64 0
-24 -82
10 -94
73 -64
30 95
-99 -19
3 43
-49 8
28 92
-20 -58
10 64
69 -57
95 6
0 74
64 87
-14 14
-99 -75
72 80
-33 -76
32 -54
-29 77
-25 -85
43 4
91 -45
93 72
-34 39
86 75
79 -46
-85 -73
80 40
-74 -86
-24 -46
-32 88
-16 -38
-95 37
-12 67
21 98
-16 -45
92 41
-97 -76
-48 19
-96 13
0 -40
60 82
48 5
82 -80
31 -90
-83 40
33 -91
35 12
74 28
88 78
-1 90
-4 -70
12 69
-95 56
-56 -86
-60 41
11 -35
-45 -49
-5 -93
29 -65
13 75
25 15
31 -13
-18 -1
-73 73
96 -24
-33 55
-79 -36
-1 -30
-72 -52
66 2
76 1
-43 -49
-18 5
30 -21
20 -29
-49 -30
-99 -39
-8 -3
-12 -20
-57 97
47 85
42 78
-73 -75
34 -48
-93 -15
76 -15
13 -85
0 91
-36 92
31 8
-36 -4
-54 18
34 -32
-38 19
73 16
-55 68
-40 59
87 39
68 5
-19 -25
-2 64
-46 -23
-12 14
94 -26
93 -80
38 36
-80 12
28 71
-18 -70
-44 -5
20 5
-82 -81
-59 -71
68 -22
-43 -45
-56 54
13 44
34 -51
-93 34
52 11
-17 50
39 -64
76 -98
55 -1
3 77
-1 38
77 -4
-37 -54
-39 -73
8 21
-8 43
-11 -15
6 -34
-90 19
1 -50
-12 -40
-27 24
100 37
-96 73
8 40
-13 -90
20 -42
31 83
5 25
59 -46
78 -72
29 67
6 -64
96 -46
-65 4
-9 -10
37 -26
75 42
-8 -31
73 -87
73 60
-15 -57
-93 45
38 20
-27 3
-92 67
7 -60
8 -23
-10 -79
14 8
-99 31
23 27
8 16
-67 24
92 -28
-84 -22
72 81
-64 69
-58 -93
67 17
42 -64
-9 5
19 100
-56 40
87 -36
66 -40
-23 -12
0 -69
-29 -47
15 -68
41 -45
94 -47
57 66
57 65
86 -24
50 78
-6 40
-93 -44
46 35
-87 56
74 -17
17 -29
25 6
-93 -35
-16 100
-86 94
97 71
40 19
-4 40
-4 24
60 53
-37 -25
-14 60
-100 63
-24 -89
-43 9
-78 68
40 74
-27 89
88 -53
55 -28
-35 -30
-4 -78
-9 -48
-63 -42
30 -40
-76 11
26 4
77 -97
-61 93
4 71
60 20
21 60
87 -76
83 87
40 -38
-35 70
96 -93
-82 64
-84 -10
68 53
-17 -36
-73 60
2 -100
-98 32
-58 -76
48 35
60 -81
-44 -27
54 -62
74 76
84 20
-97 38
44 42
100 22
-87 -66
-95 67
58 62
96 65
56 -70
-75 82
73 -24
-77 63
35 -74
-45 -15
-26 -48
-99 94
89 53
-100 31
-49 71
-34 20
-1 64
-87 90
45 22
-30 48
-40 82
-87 -38
-19 67
-43 93
-51 -24
70 26
31 30
12 83
-55 44
84 49
-28 -26
85 63
-57 97
89 -66
-71 38
-4 68
4 -3
36 47
-98 78
24 67
-68 -9
9 45
57 -74
70 97
30 53
80 25
74 -77
-27 55
100 14
57 -19
13 51
14 -64
87 -4
17 71
-59 62
61 45
40 88
71 -31
67 4
6 17
81 37
-59 3
33 -21
-25 -14
86 70
22 -73
78 20
23 -13
12 -89
70 -77
-13 84
25 58
-90 -46
-70 -50
64 -32
-21 27
81 -47
-31 8
42 -84
5 -2
13 -1
78 15
61 12
-74 37
75 48
-83 -2
-91 -59
-90 -92
23 24
67 -8
-11 -39
-36 -82
75 -34
92 61
-95 -62
76 47
21 -78
32 -28
-99 -24
6 59
-40 -33
-27 92
-49 -62
-75 62
12 -38
4 37
33 -66
9 -42
-56 -78
31 -81
-33 -2
42 -3
74 -50
-44 -3
70 71
-76 68
45 -97
9 99
13 31
91 -96
52 -79
45 -70
-28 71
63 -2
-61 -94
-88 66
36 -95
14 -79
-72 -91
-100 -85
-8 -54
70 -71
10 -17
-97 -25
96 -31
13 -11
-47 -88
90 85
-34 64
-58 -67
-68 77
-17 -30
-65 -38
-16 82
-7 -45
-23 -81
96 -10
-51 50
-52 -52
11 -18
-12 8
-68 -70
-12 55
29 84
32 -75
53 49
-49 -76
1 84
84 -50
15 -97
-29 -98
7 30
6 -66
25 51
22 -81
2 -38
-75 80
61 -61
-46 -66
40 -4
-8 -5
44 -69
-24 9
-83 -6
28 49
39 -76
0 52
79 17
-72 -37
-95 15
20 -12
-87 5
51 -90
80 -76
76 -79
33 64
30 -97
-82 -98
71 -19
-31 -52
-16 -76
-35 15
91 -90
-56 -62
-59 -100
-19 44
-64 17
-2 13
-99 -67
-24 -14
87 -34
51 36
-82 73
-56 2
69 18
-23 -9
-45 13
-60 75
-22 36
62 -67
11 -12
-68 -24
45 -68
85 8
2 -58
46 26
77 52
75 77
77 -68
-71 82
-10 -10
39 14
-24 -27
-7 -95
5 48
98 -40
-30 -75
95 -34
-43 -71
-77 -25
3 -73
37 -45
97 59
75 -27
40 83
-25 49
-72 -38
82 -80
96 -32
19 63
-20 -94
65 -3
78 80
60 -48
89 54
24 -94
17 26
18 -24
14 -18
68 -53
-60 76
7 -23
-3 0
86 -68
-62 34
-54 -69
43 71
-35 -88
-72 -28
13 -5
-77 12
-85 97
-36 -81
43 97
-40 86
86 72
65 -49
24 4
-49 -68
7 -43
-29 -73
-25 -83
64 -89
75 73
40 -78
-71 -42
6 99
54 40
97 33
-66 42
-51 72
-26 86
-12 32
-80 28
44 -23
-14 -63
-33 54
-3 -73
17 93
-72 -97
-42 -71
77 -82
53 -4
-7 -91
-83 73
-50 -88
11 60
64 5
-75 94
-77 81
-20 -43
86 41
-99 -89
62 4
8 -38
-44 26
-57 8
-61 1
75 53
-72 62
-48 -57
0 -96
96 -97
-10 -62
74 -98
82 -5
29 -56
89 84
83 -27
80 58
93 -10
12 -6
6 -13
21 6
-11 48
-97 -34
-10 -43
98 -76
69 34
-31 65
-50 -89
33 1
16 -99
-39 39
-48 -58
73 -95
11 -80
98 -90
18 10
-88 39
74 72
45 -20
7 -81
68 71
51 80
18 52
-63 -63
-98 95
-99 -22
41 -72
-56 -14
49 -96
48 79
-50 -78
-82 -60
80 68
72 -37
75 43
-82 73
-97 -97
-4 -75
70 -19
7 -86
45 85
24 -98
-15 67
-3 20
7 -55
82 5
73 -11
90 -29
-87 58
54 -78
-93 -53
-33 -50
16 -48
82 55
97 86
-47 26
-38 -17
11 -44
51 28
88 -94
-72 51
-24 -85
-9 -37
17 -68
-82 -26
53 35
21 77
-32 4
59 -97
42 90
-55 -27
-94 38
43 43
-27 -7
93 49
55 -27
12 45
80 71
-1 25
-42 -9
26 16
-45 -19
-89 -86
-58 91
39 -80
49 -26
-28 -37
16 -29
89 57
38 71
1 -16
-64 96
-49 92
18 72
25 -70
87 -5
62 -83
-45 4
93 11
11 -60
16 65
30 14
-46 98
76 98
-47 38
80 -96
-49 -68
5 38
-14 75
-24 -3
78 -17
-31 -100
-4 39
-28 -1
20 -94
28 -48
97 11
52 -84
18 -70
85 -26
-52 90
57 85
-31 85
-98 96
59 -24
-99 -78
19 -93
39 -66
-44 88
35 -92
99 35
81 94
-98 -17
-43 -90
-7 93
49 81
-34 59
51 63
-85 -35
-79 99
5 87
-92 -91
46 7
71 99
81 -51
92 70
-57 -24
100 -79
-81 -86
23 35
91 -22
-91 -68
-58 -49
-76 -36
23 -89
-2 -64
14 -5
15 -73
-91 7
-89 -77
65 -29
36 46
8 41
-80 -82
-23 72
-22 -82
-35 31
-15 -79
28 -42
-50 -29
86 -70
44 36
-3 -94
-100 59
-11 -24
-18 15
-17 -34
-1 -61
-2 -34
-19 80
10 -28
21 -48
-15 3
40 77
88 78
-81 14
68 5
-98 -4
-10 -70
40 -41
79 86
35 53
-24 40
36 -61
27 22
-4 14
-28 -89
1 -1
68 -20
-44 -81
-70 -98
54 14
-56 14
17 -71
59 -31
-83 67
73 50
42 64
-96 85
45 -67
-56 49
13 63
78 14
86 73
23 -37
-88 83
-61 49
32 56
95 -55
-91 -19
-65 -50
88 -25
-91 38
-76 93
-90 39
-26 71
55 27
5 -11
30 -93
-46 -32
-40 -44
-75 74
-95 36
-3 20
0 86
37 -97
-66 -66
7 11
8 -49
-75 -27
-49 -61
-49 11
38 87
-36 67
32 70
99 -21
-72 -24
-37 -55
-72 31
-25 -34
-63 -72
-42 -99
25 15
-7 -31
-77 49
-92 -79
93 95
-73 -64
52 1
61 25
45 -3
-2 -9
-22 15
18 95
49 -68
-78 -28
-31 -37
2 -19
-15 13
90 -40
22 12
-86 -32
-64 -87
53 -64
48 -69
-91 34
-38 4
-60 -62
-77 -62
83 3
77 -28
67 49
11 -20
-7 86
-92 -72
-88 18
93 -67
-38 -17
29 42
-27 91
-37 59
86 84
34 99
-72 40
-11 -100
19 10
-44 -19
88 -72
-86 68
80 -77
74 38
52 18
-89 1
-73 -57
-79 32
-61 -78
-86 -39
-34 49
53 -13
-23 -81
6 69
-51 -11
29 63
69 -2
-41 93
35 4
31 56
-27 72
83 -51
55 -59
-57 70
64 42
84 -7
-25 78
84 -27
-18 97
-87 -71
4 -62
11 58
41 98
-54 73
-10 42
96 -35
12 88
-81 -89
98 -20
-72 -35
4 47
66 -20
57 26
-75 96
-15 64
5 -51
-62 80
-84 -79
-66 55
23 73
-74 98
89 86
54 -73
-85 -94
55 52
-59 -4
-95 89
82 -37
-59 -72
48 41
-61 37
-39 19
25 -49
-43 -19
69 -76
47 13
-2 33
-18 98
-89 -77
10 23
-11 -3
9 6
18 -17
55 74
58 43
-71 -5
-34 95
84 -58
33 55
10 -76
-11 1
-22 84
-100 -14
-84 -11
42 -79
-88 -9
-96 -53
33 -1
-37 14
-17 56
30 25
95 40
67 -9
47 12
8 40
-38 36
-42 50
62 -63
-83 -78
99 -73
-17 -49
65 69
77 -89
-92 94
31 -82
-2 -44
84 97
99 91
-72 41
-32 -58
43 -60
-60 82
40 28
94 -37
-43 64
37 35
99 44
-63 81
15 -17
-49 -58
78 -21
25 -84
-55 70
78 -54
-83 -19
-21 -38
74 24
-91 82
-28 55
58 92
67 38
55 45
25 -62
83 5
64 -63
5 27
-64 71
-6 12
66 -49
82 0
81 46
-35 -32
-22 -41
19 36
73 44
-82 38
-80 -75
-67 25
3 44
-73 65
-11 -47
-25 2
45 -75
84 -35
-63 50
-20 35
61 -24
9 75
-43 -1
53 -13
100 -85
88 -70
52 56
-13 28
59 -61
90 44
-49 -57
30 -10
17 -45
-42 -30
-69 -69
52 -91
-50 -77
62 -62
24 -52
22 87
-62 12
96 -11
65 57
61 6
62 26
90 6
12 11
50 -89
8 -67
-72 -87
73 -68
-71 -49
19 -96
51 -29
51 -12
93 -7
-93 -4
-10 -29
-11 76
5 87
-83 -36
-56 16
-71 52
-68 -37
85 -17
69 40
5 4
-82 -81
-54 82
-41 84
-96 -84
-12 -1
80 -37
-95 92
-55 -67
4 63
-11 72
91 3
-73 -81
64 -100
-84 84
-34 25
24 -59
54 -15
69 -89
-63 33
75 38
57 -30
10 -75
-64 -10
13 42
-69 45
97 31
74 16
58 99
70 4
39 -16
100 72
-27 -69
-83 -50
-12 -51
66 4
-25 -52
55 -96
53 -3
53 41
-63 -91
-71 73
-5 -42
-5 56
-89 6
-24 -88
9 -10
68 4
-41 80
1 -77
72 -71
-31 69
-69 13
-81 86
-60 -2
-18 6
7 77
68 64
25 -60
-50 -52
32 -88
-95 -37
72 41
-70 -28
57 18
42 82
-91 2
55 18
63 -40
14 45
48 -99
57 -39
15 -36
-63 -93
-74 -26
-61 -80
-19 -84
20 35
60 62
-27 4
44 -30
98 -24
93 -86
-31 -5
-81 72
-20 -58
-64 -19
-28 22
86 27
-96 -32
21 -93
-19 -65
62 58
70 -83
-94 -42
15 88
65 42
14 -8
68 13
-68 79
-97 69
42 6
16 76
-20 -71
89 27
0 52
81 59
-68 -55
70 -4
33 13
97 -99
-1 99
20 62
11 -27
-66 95
-28 30
4 -46
84 -77
-11 -72
-81 -85
13 -18
-41 54
-58 84
58 85
24 -6
-45 -78
21 58
-1 -24
-35 -16
73 68
-10 -93
12 -20
-93 -59
-1 -9
41 92
32 -79
80 19
-78 -26
11 24
81 70
77 -38
-56 8
-97 -92
8 20
97 -39
-60 49
-7 99
8 -30
39 -50
-57 14
47 7
84 -39
74 -28
7 0
-62 -62
75 10
-29 -69
81 -13
-96 26
-99 49
72 -35
-40 38
26 -69
4 -43
-3 -61
76 -11
0 -67
-71 84
33 30
31 51
68 -80
-71 -25
17 -70
94 78
61 51
19 -56
-93 32
7 -54
55 -15
11 67
78 65
52 -99
-95 57
84 -74
87 97
-79 -55
-74 21
88 -20
-70 0
56 25
-93 96
-57 -93
-96 -58
-69 55
89 9
-29 -66
29 -60
38 71
29 33
-100 -30
-10 -61
21 -97
33 78
15 -96
88 -22
56 61
85 -24
68 10
17 -95
-32 -55
-95 15
-16 83
-67 -99
81 -81
-30 -79
-93 66
11 83
26 -61
18 1
3 -75
-60 73
81 79
-78 -16
-10 -53
-31 35
28 6
48 -44
-80 -43
-22 95
20 -74
-6 1
-19 -10
-92 -54
45 95
9 98
72 82
58 27
47 88
11 24
-61 29
-12 56
-52 58
-83 -39
2 -76
-36 -88
51 73
-5 56
-5 44
-94 -45
34 99
23 -54
-20 55
-61 2
-48 61
-90 -23
46 -74
-26 -50
75 -55
-75 21
96 89
-56 -46
97 -6
-77 62
-75 -44
-18 43
-16 -32
-65 48
44 -50
77 -5
57 91
75 42
-4 52
74 -83
-35 -39
-76 7
-38 71
-99 -50
-1 -76
-36 -23
-10 -25
-37 -49
-29 -32
-43 38
8 -38
36 -57
-38 49
-69 34
27 -47
96 6
98 57
-96 37
-83 -99
66 -44
36 -19
-56 12
4 -11
-55 24
-68 24
-100 -32
41 -38
90 -95
30 -52
87 84
96 -6
78 37
-21 -91
-51 50
89 74
-93 95
69 -61
23 -52
-89 38
75 50
82 19
59 -8
-5 -70
25 70
-60 10
76 33
-68 -95
-83 48
-25 -1
26 -16
-83 -56
17 -71
-81 -38
59 3
-29 53
27 -4
28 82
-65 76
-38 -58
-3 -18
-33 -72
75 -5
-91 40
38 -39
-89 -78
-99 -68
50 -5
-88 -72
84 -96
44 22
70 12
93 19
76 -82
-7 27
-46 -54
-26 -15
-94 23
-22 34
28 -72
-96 -83
97 -88
69 37
-53 32
-51 95
-38 -20
88 36
-78 -54
36 -43
27 9
-74 -75
-2 -41
-8 73
-61 -37
-69 -27
3 2
-21 -54
-74 -30
24 -15
-11 -58
90 -13
92 -58
-21 -45
18 -90
22 -92
7 -100
-39 12
-63 -86
-14 94
93 52
82 -88
-45 78
-78 -39
-77 36
51 29
98 -42
93 -58
0 65
-62 93
-50 -27
-29 -19
18 43
-19 -33
70 77
-3 -61
26 44
92 -75
17 -60
54 -45
99 -44
-31 76
95 73
85 64
38 -8
24 74
-3 -9
-35 61
-48 44
60 42
31 -97
0 -99
-48 -16
-61 -82
8 21
-54 51
49 -83
-5 -77
-40 17
61 -19
88 -79
98 -48
-99 51
12 55
72 47
-4 -91
55 38
-100 -55
-54 -63
-85 80
27 -12
71 -3
60 -85
25 -93
-28 -53
77 86
-62 -16
-45 35
39 -20
-25 8
2 -19
89 11
-12 -57
-21 -54
31 -44
-29 -16
-68 -34
-34 -57
-46 -72
-59 98
2 -48
-73 79
91 51
97 -45
-90 -21
-92 53
-36 -76
5 68
-18 41
-12 -7
0 -37
-34 -49
68 -89
54 -15
99 80
-46 -35
-90 2
76 13
95 -2
55 -99
-17 75
15 45
-3 -81
22 6
-40 2
-63 -83
-80 -34
-99 71
-43 -23
-28 -1
41 14
-13 41
58 79
-47 65
29 -12
-81 91
7 -47
-8 87
11 49
24 -69
-68 80
4 31
5 69
-84 30
-75 -52
1 15
76 -55
-77 80
2 -31
-57 84
53 4
-84 10
-17 -65
-36 -42
95 56
94 -52
-21 15
28 89
-54 69
47 -19
70 -72
-99 48
-86 -86
-17 80
78 97
24 -2
25 -58
65 39
0 -99
81 -82
-50 -46
23 85
11 6
7 -68
58 -23
-93 -29
17 21
65 53
1 -30
-90 -63
11 44
13 -1
-40 -38
-74 96
97 80
-70 2
32 36
-65 48
13 -71
-44 84
50 99
-45 53
-50 -12
-51 -71
-15 61
82 -51
-15 39
-79 38
-96 23
22 51
-34 63
-56 -83
62 25
-92 -99
-65 -32
31 -46
70 45
89 -93
-83 -47
80 89
5 -54
16 -51
-99 -15
92 95
-79 -21
-32 -81
-61 68
78 48
-95 62
61 -35
-21 -76
4 17
-36 73
-73 -67
-97 41
23 4
36 -27
41 -34
-33 -44
-90 -5
-99 45
-84 -66
-23 94
97 -32
34 84
61 -97
-61 23
-22 -51
-81 0
52 44
-16 52
-31 -64
52 39
54 -71
-88 -36
5 -31
4 -49
-83 -96
-94 -40
33 -32
28 -67
24 12
41 67
-92 -68
76 33
-68 81
19 97
-55 82
16 4
2 13
-12 -42
54 -44
62 86
-21 -40
-77 5
-59 -67
-81 -13
-43 -15
80 -3
6 27
64 70
41 -88
-63 -29
96 -32
41 -55
-28 63
66 32
88 64
-95 8
15 14
33 -97
-9 -91
30 -19
20 -83
63 -88
-64 -7
-22 -42
88 -20
41 -92
-88 -4
-93 -84
37 84
-9 47
-58 -76
-55 -82
31 -55
68 23
72 49
15 -98
80 26
51 32
31 -71
84 -100
-23 -91
-87 80
45 15
-19 -90
-41 -41
-57 42
-69 -52
-7 -98
-95 38
58 -83
-52 -26
-19 65
-22 -42
38 -31
-47 20
91 -45
75 -21
72 -34
-10 19
-54 98
-89 -62
89 80
86 -77
-48 -63
87 -92
65 88
98 -5
-86 57
-48 72
86 86
-53 26
89 27
72 -86
49 -88
23 4
42 58
42 93
8 -71
80 -47
88 -63
48 62
22 25
-23 -87
91 -12
-55 -77
-4 90
-45 -58
34 99
13 -29
93 -52
56 40
90 43
-25 85
49 -45
-75 53
-27 -52
90 -40
51 18
-11 2
-37 -54
-88 -96
-45 87
-58 -22
-92 -1
-67 94
-85 -43
-99 2
-85 -90
-47 96
-8 13
92 26
43 66
64 -47
49 53
9 -3
18 -89
2 46
-52 -99
36 75
29 65
3 -29
82 -52
-36 22
-39 -89
87 48
-3 -46
63 -95
18 3
-26 13
93 64
-26 -10
-75 82
-80 61
-95 -48
-41 55
70 -59
38 77
3 52
57 57
-27 86
98 99
18 -78
-52 -28
11 -62
28 -65
-34 86
79 -70
89 -99
-32 94
73 -24
27 -98
24 83
63 -56
-65 -68
-47 25
-64 -63
55 -14
80 43
4 -37
-56 -89
-72 57
83 -87
-66 82
-47 43
-19 -45
-97 -81
0 -75
17 -45
76 -1
92 71
-29 -99
-15 23
-25 34
32 -60
15 21
28 49
95 -90
-60 -84
-75 19
27 -14
-80 -53
-13 -97
37 -98
-4 -51
100 84
11 10
74 -10
-45 -88
64 -37
72 -65
70 -32
33 -17
18 8
-92 -30
75 -11
85 -43
22 2
28 94
-95 -6
-25 -49
15 42
25 11
97 -43
-20 92
38 57
-89 -37
19 53
-98 70
-82 31
64 10
90 11
20 -9
-93 18
-43 -52
-83 -85
-88 61
97 -82
23 3
0 -93
54 -67
4 -98
81 68
42 68
75 26
-11 50
-58 -2
-93 34
51 74
1 -46
-85 -63
11 34
76 -9
55 -58
43 24
89 74
-96 21
64 92
-69 87
-12 -88
25 65
80 71
24 100
-72 94
74 54
-98 16
61 -2
-4 -38
91 -79
56 -38
50 30
41 38
-42 76
-24 74
-9 -16
45 -46
44 -71
-61 53
-13 -54
-83 13
57 88
12 -94
80 92
76 32
-71 60
-53 -87
46 -1
26 -35
4 -37
-82 14
11 19
18 47
87 -10
77 15
-62 -16
82 -29
67 -17
-4 -7
-68 -61
-15 -89
0 -60
-60 2
-2 92
82 -59
-47 -94
67 28
84 11
-34 47
86 -3
50 70
-70 53
46 -82
3 21
28 -72
39 -39
50 -52
85 91
-85 -15
31 97
-18 -66
49 26
-78 2
94 -98
54 14
91 -62
11 -69
-46 99
70 -94
-14 -34
-62 75
31 88
-52 -90
-27 -14
-59 75
21 47
-31 9
-3 -12
97 20
52 -90
22 -69
39 -35
5 78
-70 -54
-92 70
-26 42
-27 31
88 46
70 -49
-77 53
-88 -33
-32 44
90 48
56 -75
-36 -69
-65 94
79 65
8 -83
-51 -74
6 90
-49 -2
-9 -5
97 -3
-52 89
19 66
86 -58
-69 -74
97 -74
57 -91
-11 -55
-44 -93
50 93
-30 -18
-41 -31
80 69
92 -38
12 97
97 -54
49 -49
-89 -79
-38 -75
8 82
39 -75
-59 20
51 -99
31 47
76 -75
5 80
28 24
15 -98
66 85
-91 67
-34 2
25 99
-12 62
94 -33
-94 82
41 48
5 -70
-9 23
42 98
26 65
-22 -17
-71 69
71 91
0 73
89 36
85 -61
-48 -65
26 96
34 16
-29 -96
23 49
0 9
-22 -20
66 -71
-89 62
-99 -34
-63 0
-9 91
-36 -27
59 65
19 82
-82 -69
47 -82
83 -55
-86 -51
50 11
22 -81
-39 94
13 17
-28 83
-13 33
-48 27
2 -99
31 26
-71 -72
-43 73
-61 89
-2 25
-40 -27
92 56
-29 52
56 100
20 -90
58 -55
69 -97
3 -90
-48 49
-94 35
-29 5
-36 -9
-74 -58
-70 -34
-98 59
-76 23
60 77
-73 -5
5 1
-44 35
-85 -61
-84 65
41 -97
-74 -7
-46 21
61 -15
-73 -78
11 -44
-71 -78
28 73
12 53
-3 78
26 -100
42 88
64 -59
31 22
-71 41
-72 -24
33 54
48 10
72 60
85 -1
-79 -90
1 30
-23 -39
3 37
92 -27
67 79
-9 -71
52 -27
-44 23
-52 18
31 -65
-11 77
76 -95
-56 83
83 71
-65 -66
66 -24
-8 99
76 -50
-48 99
42 40
90 -88
-32 -95
24 6
19 62
-73 0
-13 71
-20 91
21 20
93 37
-47 52
61 -12
-53 -42
80 51
33 56
-30 68
16 -25
5 56
43 -66
79 5
-50 -67
31 63
72 90
-59 -91
28 40
-41 -72
-74 -97
60 55
98 -38
96 72
-13 76
-97 33
-71 16
39 -44
-28 74
44 13
34 51
-20 -43
68 -42
-31 91
43 -1
47 78
27 -23
-2 41
-100 70
75 -29
81 65
-51 -81
-5 69
4 -75
-61 62
64 -88
-27 92
-64 -92
42 -65
-64 63
-18 -78
-22 -95
-66 -41
-25 42
14 86
-24 39
79 -71
-86 83
-20 90
-4 -37
-63 -90
-54 -76
-17 -32
62 56
3 -57
-42 96
84 78
18 10
25 44
-18 28
51 -51
-85 -73
98 78
82 -82
-52 -50
-37 58
25 -54
69 -53
-40 92
-63 63
-86 -66
50 -4
-3 -81
99 50
91 12
89 -22
43 -50
93 -13
7 -29
61 39
-25 -40
-35 90
86 -5
77 15
56 -90
50 67
-25 53
-11 -3
69 17
12 77
-64 34
25 61
57 96
54 9
3 84
-63 -29
28 -72
17 36
-56 -82
-86 22
-37 -30
-89 -65
-24 51
-88 89
-72 24
-12 77
-4 94
-37 50
72 -30
-58 29
-12 26
-84 -45
94 -51
-99 8
82 -70
-8 -44
-88 -88
-44 89
-39 86
35 -64
50 -7
35 20
-55 -46
-40 -48
62 -71
-71 65
-15 65
-20 -32
-79 6
53 -66
-75 87
-79 21
83 -66
13 -33
-41 21
-23 -72
-12 -53
25 61
4 -42
36 -57
-18 -53
-81 51
-2 83
-77 -92
-98 -3
-52 -16
-58 -24
61 -60
-76 -93
-1 -46
-99 -40
59 -53
-50 35
58 16
44 -78
-59 93
-42 -46
-4 49
-8 -48
-92 -63
38 16
62 -60
67 47
27 59
-62 -74
-45 11
66 100
78 30
-61 64
79 -24
14 -6
-76 -64
-78 -7
-27 -30
-93 39
-25 -23
-20 78
72 -64
51 -19
60 91
-62 -53
62 -41
-59 -86
10 47
4 50
-8 80
-65 -69
-85 -43
27 68
-64 -65
-12 33
84 39
10 -25
84 0
36 84
-61 63
-80 -57
-73 70
-44 -60
81 -93
-58 4
-1 25
-83 -100
36 14
13 54
-24 -66
41 98
-14 -95
26 51
-45 -29
72 -36
76 -31
2 -94
-1 -99
-100 26
33 -40
53 82
95 -72
-89 39
-42 77
47 -26
22 -13
78 -13
-87 74
87 69
-68 31
25 -95
2 -42
-10 56
-46 -73
29 -18
-47 38
21 -68
-23 -48
-7 -77
-95 39
-80 -91
-5 26
-25 15
19 -1
-94 -28
-98 40
62 -4
8 -82
-86 31
37 93
-63 99
-82 -9
-10 -18
0 -71
78 39
-99 -84
-53 84
80 -24
-94 -54
-91 -93
47 68
-42 -5
-62 30
24 81
68 59
-68 -76
80 -18
40 60
-8 -37
33 65
-1 -8
-15 71
-68 59
59 60
44 -59
-43 0
-74 53
5 -5
20 56
-25 -4
-72 62
-23 -75
69 -3
-70 -66
37 -46
6 -91
26 -33
-8 80
58 42
-70 -100
-57 54
-50 9
-85 88
47 6
-1 -100
-26 -68
-50 -33
-85 90
94 -86
86 -71
57 92
28 -92
-53 -27
-82 26
14 66
-33 89
74 68
84 -48
64 7
0 21
81 -17
-62 -48
-18 -20
-59 -68
-30 -61
-4 33
26 -3
-56 76
-33 45
-67 -22
38 40
36 27
-70 10
30 75
86 44
60 -55
78 -13
11 98
95 33
-67 -3
68 -68
11 7
-35 90
93 -31
84 72
65 -91
33 -30
-5 28
24 15
-93 86
-76 -21
2 85
59 77
-68 81
42 -35
86 77
91 93
-46 59
68 -32
-99 -93
42 31
-49 -20
80 -29
-96 87
-24 -45
59 -96
78 100
8 1
64 -98
0 27
21 -68
-87 -51
-13 96
13 30
-26 -66
-45 -46
-73 -93
-87 22
30 92
-14 98
-88 13
-77 -78
43 35
-48 -35
-94 90
81 -97
80 -68
56 -96
20 42
68 -57
28 54
-88 49
50 -67
65 -17
47 83
23 -55
-44 -80
-12 -28
41 3
-85 26
98 -71
-89 95
52 -44
-1 66
27 -3
-46 99
40 7
56 38
18 -15
-88 -32
34 1
-18 81
56 97
-1 -72
2 53
-14 77
-32 85
-13 -10
74 -61
-16 -97
-91 85
76 68
-87 -5
-54 95
-40 70
64 -90
53 89
92 -69
-64 -77
-59 -87
0 91
-61 39
64 -5
-18 40
-53 -28
79 -54
3 -31
71 40
45 75
-92 97
-76 -97
-84 -80
-17 66
-66 -20
-85 -99
-96 -85
-19 16
-40 14
31 -69
49 34
-3 -69
-87 90
90 -79
13 21
-70 69
61 -40
-42 -34
-86 -83
78 45
-92 55
-47 -64
76 -30
-40 -13
-6 31
58 -51
-45 -50
56 8
-57 -35
-84 28
-37 -13
-74 81
57 -58
-26 5
-76 79
80 82
29 54
-95 -78
12 -40
-30 -54
-5 -1
-79 -61
40 -20
40 -57
3 -64
-33 70
21 84
-82 -68
24 68
-50 12
87 -8
-17 -73
22 -71
-28 70
-59 96
26 -99
-4 -89
37 -43
31 -22
-68 -82
77 83
46 26
-64 -93
-81 -16
-80 62
-54 37
-86 -41
-89 -43
66 -22
53 49
4 -97
-50 88
-38 25
85 92
-9 73
-63 -98
90 89
94 54
-63 5
-9 32
87 -83
-80 63
-83 3
-63 -16
32 -46
98 -18
-24 81
-88 -7
41 -77
99 -74
69 66
-65 -75
52 -81
8 48
40 -66
12 95
-58 -27
56 23
-13 47
65 19
-72 -74
100 -4
-14 3
24 -17
62 27
87 -1
0 -78
2 -70
1 -76
-97 -47
98 -53
96 62
-94 5
76 82
-98 -42
-79 -85
48 -92
-27 -100
29 -8
-19 13
90 -28
10 -39
-29 -9
28 14
-56 1
58 -70
-25 62
-82 41
60 42
65 -25
-78 39
14 -33
36 -68
35 56
63 94
-88 61
-35 -11
-91 42
-53 58
65 8
-22 80
59 -98
-15 -70
13 -7
-59 39
83 -27
-88 -35
76 -28
-56 89
-8 -36
-46 38
20 -83
82 -63
-84 -95
-47 46
11 15
-54 -6
83 72
-69 -79
-23 -65
56 51
65 24
64 -66
92 -9
-74 -69
-23 79
-69 -66
-2 -65
79 80
71 -69
52 55
6 100
85 40
-54 -24
9 50
84 -46
55 -35
-53 23
17 92
90 91
-29 34
61 -12
-69 -85
-61 -3
30 -54
71 -62
54 -45
63 93
-49 67
-31 -42
-72 -27
90 -40
51 47
21 30
44 86
-76 -26
-91 -5
59 -41
-31 -31
-34 -83
-70 20
-66 80
65 -53
28 -72
82 -98
14 -61
-54 -1
-26 -16
-19 32
-43 41
-61 6
98 39
80 -81
-83 -43
-52 4
33 -69
-57 -16
48 -33
34 -95
-85 91
42 70
-69 -37
-33 -16
97 29
-73 -24
25 49
-89 -54
100 -26
16 71
-54 -47
-5 -44
72 56
-71 95
-90 -4
-3 45
-100 26
-37 77
-74 -43
26 -52
-66 -9
7 -89
-79 -28
50 63
-69 32
-8 -34
-32 -74
1 20
49 93
73 20
94 16
-34 -54
-74 -81
-87 -2
-9 84
44 -37
53 42
-25 28
34 -90
-61 15
47 86
27 22
-37 100
89 66
-42 57
-78 35
14 24
64 90
96 -18
80 74
-79 74
100 58
-75 64
-17 -98
85 31
-6 -97
67 76
-53 84
-21 15
91 42
-49 49
6 -57
45 22
7 -12
37 -29
-53 15
-46 -73
-60 -21
-21 -34
-78 -83
72 -13
4 86
-45 12
-71 98
-89 -53
-37 -94
-70 75
-55 35
20 -4
54 68
-38 39
59 65
13 75
87 -60
64 93
-46 -30
71 56
18 36
17 16
70 -10
77 52
-69 -99
-88 -59
0 55
-81 -16
58 7
51 5
-6 82
2 22
41 -51
-11 -54
-58 -23
72 -85
-83 69
-86 -26
87 -52
-62 -36
-44 79
88 72
-79 -12
86 36
29 11
-10 -72
82 18
81 -62
-68 84
-56 39
2 -34
42 64
19 8
-5 14
-11 88
76 55
-95 24
6 -70
-48 -7
50 -56
26 -62
11 4
-74 -40
63 38
-19 -53
62 -95
-31 -9
-10 -19
36 33
-39 55
-13 95
-1 75
-29 84
86 80
-94 -69
32 -18
68 -98
58 9
-33 1
1 -72
8 16
-89 4
78 62
-40 4
-31 25
78 -96
-86 -97
-15 41
-15 -87
-99 50
7 -72
13 81
-82 89
-14 30
84 21
25 3
50 -2
-82 -1
-34 -10
-89 -45
23 -34
-39 14
-23 64
16 -64
53 28
87 64
9 -17
-87 -44
-10 -70
-78 4
-100 -34
39 10
90 16
61 89
96 -93
-26 -87
95 47
-2 21
-75 96
-94 99
-13 9
-17 -88
-72 91
35 99
-16 43
-33 -97
-20 -50
-36 71
-45 -38
-39 -55
-9 -57
4 94
63 -35
-41 91
-21 23
-27 -32
-48 -34
-61 45
95 -2
19 79
98 8
1 -96
-49 -74
37 -53
-37 -87
24 -16
-98 -83
94 -13
18 -36
-90 89
-47 100
-90 54
-86 -9
-8 -55
57 -12
-26 -25
30 -15
95 -80
12 68
-27 -30
25 98
-91 -68
70 58
46 -10
98 -88
-93 0
-89 -50
-33 46
-93 58
14 35
-24 5
66 89
21 97
-15 90
10 75
36 16
-42 -48
-84 -61
-81 -20
-84 -61
-95 -57
-54 -58
53 -62
-92 -31
-32 -91
-31 -76
61 60
63 1
76 34
-20 56
35 55
26 2
53 65
69 -49
81 98
94 -2
-95 -11
-88 20
-22 -98
-25 49
-79 -47
-10 -61
25 16
80 89
-7 21
31 57
1 53
-87 22
-3 -92
-83 97
-9 10
-23 -100
31 80
52 -92
95 -3
86 90
95 -44
-64 42
0 67
-54 -24
-16 -26
-86 -12
-28 18
-25 21
-63 -51
54 41
-78 6
96 80
-78 -66
81 38
77 -75
53 -36
85 35
-68 21
-55 84
21 -97
49 -9
-49 6
69 -7
-13 22
-52 -42
-72 13
21 38
-4 28
-10 24
55 -35
39 -7
-1 -35
97 47
58 75
-55 39
74 82
-10 -56
-32 90
-42 32
77 79
48 85
22 -2
-90 40
-2 69
-61 91
-78 12
50 -24
57 17
-41 22
-3 -13
7 13
85 65
37 -26
100 -15
-34 75
75 -9
48 8
-28 89
89 31
8 82
-33 -56
-33 -4
-42 51
91 32
76 22
62 -15
-83 -20
8 -80
33 -56
-57 2
-81 -27
-60 59
66 88
-97 95
-85 -85
-92 42
-50 69
-2 -2
79 16
-30 0
-94 77
-77 72
5 -54
-6 -23
-82 -37
-91 42
-64 85
-57 74
55 12
-13 23
37 1
30 57
-76 -77
-23 23
-32 -9
66 16
-44 -41
10 -94
22 78
22 -83
31 -45
37 -70
54 50
-62 82
30 -16
-22 75
-4 5
-59 -100
52 99
-35 93
72 26
50 -93
-36 78
64 39
23 85
83 64
-52 42
20 -26
25 3
61 -99
-74 80
-60 39
42 -79
-62 23
83 50
29 36
65 -44
27 26
-36 96
55 -92
49 -99
8 -50
66 75
95 -8
32 -95
-13 96
-5 -53
0 82
33 75
-16 17
75 84
18 2
-61 -83
90 6
-21 8
89 -76
28 81
48 20
-25 -39
-44 -78
75 10
-84 -58
59 75
-86 -65
71 -15
-42 -60
94 -71
1 40
-36 -36
-29 12
-13 70
87 -72
62 -27
42 -85
-36 -16
-71 -72
19 -7
83 -16
-47 86
-70 -5
66 -77
-49 71
61 89
-72 -15
-68 -56
-37 -45
-46 61
23 -11
-51 -78
38 -82
12 -61
-66 43
-95 11
52 -90
-73 -59
-14 -20
-21 69
-96 -42
59 -76
-5 -21
58 -15
97 -12
-87 70
-48 -51
-45 -51
3 75
41 -24
62 96
77 -20
47 -74
-22 -54
72 91
28 57
-71 94
-20 49
68 -56
-23 -65
30 100
23 54
40 -45
72 19
22 71
2 -80
82 13
-34 -95
100 -5
0 -91
74 -43
-85 73
-23 -85
30 -3
-35 96
-73 24
0 17
96 49
-15 64
44 -23
-31 51
43 -1
-27 14
48 -19
-50 6
26 26
44 -82
78 -95
69 1
63 23
57 -16
-23 -41
15 70
5 -11
39 -46
78 -55
32 13
21 -95
60 -63
88 -79
51 -16
22 7
-26 -76
98 -83
81 -22
57 18
15 -44
69 -61
56 63
-79 -98
-98 65
-51 0
-19 89
-45 64
53 -93
40 -44
-23 47
19 54
51 -13
-86 23
-88 -100
-16 -11
14 -73
44 -31
-70 -33
-56 38
-35 56
-45 57
64 5
29 4
-87 -95
-87 -77
53 35
37 4
71 -21
-91 -20
88 52
-39 -92
-21 -14
-76 83
17 44
31 89
88 -100
24 2
-75 -76
-58 3
-6 -73
-56 78
-40 20
-9 16
36 69
91 87
0 -78
-55 25
-70 -21
67 -24
-11 54
96 -31
92 -2
-92 -94
-64 -78
-19 19
95 -37
96 71
12 69
-56 -1
68 -45
-5 79
82 -87
48 -96
-97 -11
68 -22
69 -93
-28 -90
-31 -23
-55 -56
-79 23
-78 -76
86 32
-1 -19
68 -92
-85 -78
34 -76
-55 30
92 -45
-76 91
-55 95
-22 -68
-46 93
2 -67
51 26
-37 93
-14 3
39 -81
-30 -65
1 -54
-2 -9
-16 -59
91 86
-31 67
43 55
-68 -40
-57 -100
-38 8
91 -100
37 -12
-40 -47
43 -45
33 70
67 43
-81 23
-26 -42
38 -56
67 -87
-40 66
-21 35
28 -17
-56 63
-23 27
74 38
94 -49
56 62
-82 76
-96 90
54 -20
-43 -67
87 39
-96 -56
-84 -94
30 -13
-62 -13
-100 50
46 65
0 -85
-11 -46
-37 -66
46 15
4 31
95 100
81 -34
-68 29
-100 -69
-58 1
85 -79
95 -20
-66 67
-14 63
-32 -91
20 54
77 -75
-41 60
-15 -80
14 -53
96 -12
-48 -79
76 -13
62 -20
-88 -6
1 -32
26 -100
33 65
-19 52
44 -95
57 -37
30 61
-54 91
-92 -19
81 -12
-61 -59
90 -85
60 66
98 -25
-51 83
69 -95
76 -29
-83 64
33 -9
98 0
59 88
-83 48
75 10
-57 -1
54 -29
-75 96
-87 15
61 -95
38 63
-30 -79
16 -50
-91 -50
48 -4
39 44
61 -92
-64 -54
79 -26
-24 45
-1 -3
-36 76
-56 26
-58 -49
-74 78
52 -52
3 -80
28 99
-41 -22
62 -54
73 -46
70 94
-11 97
-1 35
53 -1
78 34
-100 -6
40 41
-39 -45
77 39
54 -76
-6 77
23 24
-69 96
49 34
-85 4
47 78
29 -77
70 -8
-84 -26
-52 -6
57 -91
37 -81
6 15
-19 96
-34 19
65 -57
-24 -73
-88 32
-66 28
80 -21
51 -78
-74 -60
-38 -25
14 -26
31 -24
9 -83
-25 -49
46 -94
-10 -98
89 -14
53 -73
-62 80
-46 -92
34 -6
82 34
-69 57
14 18
-99 29
-36 -74
70 60
97 90
-93 10
-65 -45
-92 59
13 8
38 -89
-35 42
80 2
28 -64
-95 72
-91 50
64 -1
48 -82
-90 -86
-30 -64
72 -90
-71 -7
-49 23
-10 8
-39 72
-80 44
